LR1/IACG1820.23I
     1.0            IONOSPHERE MAPS     GNSS                IONEX VERSION / TYPE
IACGIM V0.1         IAC PNT             04-Jul-23 07:07     PGM / RUN BY / DATE
IAC PNT'S GLOBAL IONOSPHERE MAPS FOR DAY 182, 2023          COMMENT
  2023     7    1      0     0     0                        EPOCH OF FIRST MAP
  2023     7    2      0     0     0                        EPOCH OF LAST MAP
  3600                                                      INTERVAL
    13                                                      # OF MAPS IN FILE
  NONE                                                      MAPPING FUNCTION
    10.0                                                    ELEVATION CUTOFF
  6371.0                                                    BASE RADIUS
     2                                                      MAP DIMENSION
   450.0 450.0   0.0                                        HGT1 / HGT2 / DHGT
    87.5 -87.5  -2.5                                        LAT1 / LAT2 / DLAT
  -180.0 180.0   5.0                                        LON1 / LON2 / DLON
                                                            END OF HEADER
[from data line 3003]
     8                                                      START OF TEC MAP
  2023     7    1      14    0     0                        EPOCH OF CURRENT MAP
    87.5-180.0 180.0   5.0 450.0                            LAT/LON1/LON2/DLON/H
  121  121  121  122  122  122  123  124  124  125  126  126  127  128  129  130
  131  131  132  133  134  134  135  136  136  136  137  137  137  137  137  137
  137  137  137  136  136  135  135  134  134  133  133  132  131  131  130  130
  129  128  128  127  127  126  126  125  125  124  124  123  123  122  122  122
  121  121  121  121  121  120  121  121  121
    85.0-180.0 180.0   5.0 450.0                            LAT/LON1/LON2/DLON/H
  121  121  121  122  122  123  124  125  126  127  129  130  132  133  135  137
  138  140  142  143  145  146  148  149  150  151  151  152  152  152  152  151
  151  150  149  148  147  146  145  144  143  142  141  140  139  138  137  136
  136  135  134  134  133  132  132  131  130  129  128  128  127  126  125  124
  124  123  122  122  121  121  121  121  121
    82.5-180.0 180.0   5.0 450.0                            LAT/LON1/LON2/DLON/H
  126  126  127  127  128  129  130  131  132  133  135  137  139  141  143  145
  147  150  152  154  157  159  161  162  164  165  166  167  167  167  166  166
  165  163  162  160  158  157  155  153  151  150  149  147  147  146  145  145
  144  144  144  144  143  143  142  142  141  140  139  138  137  136  135  133
  132  131  130  129  128  127  127  126  126
    80.0-180.0 180.0   5.0 450.0                            LAT/LON1/LON2/DLON/H
  136  136  136  137  137  138  139  140  141  142  143  145  146  148  150  153
  155  158  161  163  166  169  171  173  175  177  178  179  179  179  178  177
  176  174  172  169  167  165  162  160  158  156  155  154  153  153  153  153
  154  154  155  155  155  156  156  156  155  155  154  153  151  150  148  146
  145  143  141  140  139  138  137  136  136
    77.5-180.0 180.0   5.0 450.0                            LAT/LON1/LON2/DLON/H
  149  148  149  149  149  150  150  151  151  152  153  153  154  156  157  159
  161  163  166  169  172  175  177  180  182  184  185  186  186  186  186  184
  182  180  178  175  172  169  166  164  162  160  159  159  158  159  159  160
  161  163  164  165  166  167  168  169  169  169  168  167  166  164  162  160
  158  156  154  153  151  150  149  149  149
    75.0-180.0 180.0   5.0 450.0                            LAT/LON1/LON2/DLON/H
  161  161  161  161  162  162  163  163  163  162  162  162  162  162  162  163
  165  166  169  171  174  176  179  181  183  185  187  188  188  188  187  186
  184  182  179  176  173  170  167  165  163  162  161  161  161  162  163  164
  166  168  170  171  173  175  176  177  178  179  179  178  177  176  174  172
  170  168  167  165  163  162  161  161  161
    72.5-180.0 180.0   5.0 450.0                            LAT/LON1/LON2/DLON/H
  170  171  171  172  173  173  173  173  173  172  171  170  168  167  167  166
  167  168  169  171  173  175  177  179  181  182  184  185  185  185  185  184
  183  180  178  175  171  168  166  164  162  161  161  161  162  163  164  166
  167  169  171  173  175  177  179  180  182  183  184  184  184  184  182  181
  179  177  176  174  172  171  170  170  170
    70.0-180.0 180.0   5.0 450.0                            LAT/LON1/LON2/DLON/H
  175  176  177  178  180  181  181  182  181  180  179  177  175  173  171  169
  168  168  169  170  171  172  174  175  176  178  179  179  180  181  181  180
  179  177  175  172  169  166  163  162  161  160  160  161  161  162  163  164
  165  167  168  169  171  173  175  178  180  182  184  186  187  187  186  186
  184  183  181  179  178  176  175  175  175
    67.5-180.0 180.0   5.0 450.0                            LAT/LON1/LON2/DLON/H
  175  176  178  180  182  184  185  186  187  186  185  183  181  178  175  173
  171  170  169  169  170  171  171  172  173  173  174  175  176  177  177  177
  177  175  173  170  167  164  162  161  160  160  160  161  161  162  162  162
  162  163  163  164  165  167  169  172  175  178  181  184  186  187  187  187
  186  184  183  181  179  177  176  175  175
    65.0-180.0 180.0   5.0 450.0                            LAT/LON1/LON2/DLON/H
  171  172  173  176  179  182  184  187  189  189  189  188  186  183  180  177
  174  172  171  170  170  171  171  171  171  171  172  172  174  175  176  177
  177  176  173  171  168  165  163  162  161  161  162  162  163  163  162  161
  160  160  159  158  159  160  162  166  170  174  178  181  184  186  187  186
  185  184  181  179  176  174  172  171  171
    62.5-180.0 180.0   5.0 450.0                            LAT/LON1/LON2/DLON/H
  163  164  165  168  171  175  179  183  187  189  191  191  190  188  185  181
  178  175  174  173  172  173  173  173  172  172  173  174  175  177  180  181
  181  180  178  175  172  169  167  165  165  165  166  166  166  165  164  163
  161  160  158  157  157  157  159  163  167  172  176  180  184  185  186  186
  184  182  179  175  172  168  166  164  163
    60.0-180.0 180.0   5.0 450.0                            LAT/LON1/LON2/DLON/H
  154  154  155  157  160  165  170  176  181  186  190  192  193  192  189  186
  182  179  176  175  175  175  176  176  176  176  176  178  180  183  186  189
  190  189  186  183  179  176  173  172  172  172  172  171  171  170  169  167
  166  164  163  161  160  160  162  165  170  174  179  183  186  187  187  186
  183  180  176  171  166  162  158  156  154
    57.5-180.0 180.0   5.0 450.0                            LAT/LON1/LON2/DLON/H
  145  144  144  145  148  152  158  165  172  179  186  190  193  194  192  189
  185  182  179  178  178  178  179  180  180  181  182  184  188  192  196  199
  201  200  198  194  190  186  183  181  180  180  179  178  177  176  175  175
  174  173  172  171  169  169  170  173  177  182  186  189  191  191  189  187
  183  178  172  166  161  156  151  148  145
    55.0-180.0 180.0   5.0 450.0                            LAT/LON1/LON2/DLON/H
  138  136  134  134  135  139  144  152  161  170  179  186  192  194  194  192
  188  184  181  180  180  181  183  184  185  186  188  191  196  202  207  212
  214  213  211  207  202  198  195  193  191  189  188  186  185  184  184  184
  185  185  185  184  183  182  183  185  188  192  195  197  197  195  192  188
  183  176  169  163  156  151  146  142  138
    52.5-180.0 180.0   5.0 450.0                            LAT/LON1/LON2/DLON/H
  135  130  127  124  123  126  131  138  148  159  170  180  188  193  195  194
  191  187  184  182  183  184  186  188  189  191  193  198  204  211  218  224
  226  227  224  221  216  212  208  205  203  200  198  195  193  192  192  194
  196  197  198  198  197  196  196  197  199  202  204  204  203  200  195  189
  182  175  167  160  153  148  143  139  135
    50.0-180.0 180.0   5.0 450.0                            LAT/LON1/LON2/DLON/H
  135  128  122  117  114  114  118  126  136  148  161  174  184  192  196  197
  196  192  189  187  188  189  191  193  194  196  199  205  212  221  229  235
  239  240  238  235  231  227  224  220  217  213  209  205  202  201  201  203
  206  208  210  209  208  207  206  207  209  210  211  210  207  203  197  190
  183  174  166  159  153  148  144  140  135
    47.5-180.0 180.0   5.0 450.0                            LAT/LON1/LON2/DLON/H
  138  129  120  111  106  105  108  115  126  139  154  168  181  192  199  202
  202  201  198  197  197  198  200  201  202  203  206  213  222  232  241  247
  251  252  252  250  248  244  241  237  233  228  223  218  214  211  210  211
  214  216  217  217  215  214  213  213  214  215  215  214  210  205  199  192
  184  175  167  159  154  151  148  144  138
    45.0-180.0 180.0   5.0 450.0                            LAT/LON1/LON2/DLON/H
  144  132  120  108  101   98  101  108  119  134  149  165  180  193  203  210
  213  213  212  211  211  212  213  213  212  213  217  224  234  244  254  260
  264  266  267  267  266  264  261  257  253  247  241  235  229  224  221  220
  220  221  221  220  219  217  215  215  216  216  216  215  212  207  201  194
  186  178  170  163  159  157  155  151  144
    42.5-180.0 180.0   5.0 450.0                            LAT/LON1/LON2/DLON/H
  151  138  122  107   98   94   97  105  117  132  149  166  183  198  211  220
  227  230  231  230  230  231  231  229  228  228  231  239  250  261  270  276
  280  283  285  287  287  287  285  281  277  271  264  257  249  242  236  231
  228  226  224  222  220  218  216  216  216  217  217  216  214  210  206  200
  192  184  176  170  167  166  165  161  151
    40.0-180.0 180.0   5.0 450.0                            LAT/LON1/LON2/DLON/H
  161  144  125  108   97   93   97  106  119  135  153  171  188  205  220  233
  242  249  252  253  253  253  252  249  247  246  250  259  270  282  290  296
  299  303  307  310  313  314  313  310  306  300  293  284  275  265  256  247
  240  234  229  226  224  222  220  219  218  218  219  219  218  216  213  208
  202  194  186  180  178  177  177  172  161
    37.5-180.0 180.0   5.0 450.0                            LAT/LON1/LON2/DLON/H
  170  151  130  111   99   96  100  110  125  141  160  178  196  213  230  245
  257  267  272  275  276  276  274  271  267  267  272  282  295  306  314  319
  323  327  333  338  342  344  344  343  339  333  326  316  306  294  282  270
  258  249  242  238  235  232  229  227  225  224  225  226  226  226  224  220
  213  205  197  192  190  190  189  183  170
    35.0-180.0 180.0   5.0 450.0                            LAT/LON1/LON2/DLON/H
  180  159  136  117  104  101  106  117  132  149  168  186  204  221  238  254
  269  280  288  292  294  294  293  289  286  287  294  306  320  333  341  345
  350  356  363  370  375  378  379  378  375  369  361  351  340  328  314  299
  285  273  265  259  256  253  248  242  237  234  234  235  237  238  236  232
  226  217  209  203  201  202  201  194  180
    32.5-180.0 180.0   5.0 450.0                            LAT/LON1/LON2/DLON/H
  189  168  145  125  112  109  113  124  139  157  175  193  210  226  243  259
  274  287  296  301  303  305  304  302  301  304  313  328  345  359  367  373
  379  387  396  404  410  412  414  414  411  405  397  386  375  363  350  335
  321  308  298  293  288  282  274  264  254  247  245  246  248  249  247  243
  235  227  218  212  210  211  210  203  189
    30.0-180.0 180.0   5.0 450.0                            LAT/LON1/LON2/DLON/H
  195  176  154  135  123  118  121  131  144  161  179  197  213  228  242  257
  272  285  294  300  303  305  307  307  308  314  328  347  367  382  392  399
  408  419  430  439  443  445  447  447  445  438  429  418  407  397  387  375
  363  351  341  335  328  319  306  289  272  260  255  255  256  256  253  247
  239  230  222  216  214  215  214  209  195
    27.5-180.0 180.0   5.0 450.0                            LAT/LON1/LON2/DLON/H
  199  183  164  147  135  129  130  136  146  161  178  195  210  224  236  249
  262  274  283  289  293  297  300  304  309  319  337  360  383  400  412  423
  435  450  463  471  474  474  475  476  473  466  455  443  434  427  422  415
  407  398  389  381  372  358  338  313  288  270  261  259  259  257  252  244
  235  226  219  214  212  213  214  209  199
    25.0-180.0 180.0   5.0 450.0                            LAT/LON1/LON2/DLON/H
  199  188  174  160  148  140  137  138  145  156  171  187  202  214  225  236
  247  258  265  271  276  282  288  295  304  319  341  368  394  414  429  443
  460  479  493  499  499  497  497  498  495  487  474  461  453  450  451  452
  450  444  436  426  412  392  364  330  298  273  260  255  253  250  242  233
  223  214  208  205  204  206  207  206  199
    22.5-180.0 180.0   5.0 450.0                            LAT/LON1/LON2/DLON/H
  195  191  183  172  161  151  143  139  140  147  159  173  188  200  210  219
  229  238  245  251  257  265  274  285  299  318  344  374  402  424  441  460
  481  504  518  522  517  512  511  512  510  500  485  471  464  466  474  482
  486  484  476  463  443  416  381  339  299  269  252  245  241  235  226  214
  204  197  193  191  191  193  196  197  195
    20.0-180.0 180.0   5.0 450.0                            LAT/LON1/LON2/DLON/H
  188  190  188  182  173  161  149  139  134  135  142  155  170  183  193  202
  211  220  227  233  241  251  264  279  296  319  348  381  410  433  453  474
  500  525  539  539  529  520  518  520  518  508  492  477  471  476  489  504
  513  514  504  487  462  428  386  339  293  259  239  230  225  217  206  194
  184  178  176  175  176  179  182  185  188
    17.5-180.0 180.0   5.0 450.0                            LAT/LON1/LON2/DLON/H
  179  186  190  188  181  168  153  139  127  121  124  134  149  164  177  187
  197  206  214  222  232  245  262  280  301  327  358  391  421  444  464  488
  517  543  555  550  535  522  519  522  521  512  495  480  474  481  498  517
  530  531  519  497  466  428  383  332  284  247  225  216  209  201  188  176
  167  163  162  163  163  165  168  172  179
    15.0-180.0 180.0   5.0 450.0                            LAT/LON1/LON2/DLON/H
  169  180  188  191  185  174  157  139  121  108  105  113  129  146  162  175
  187  198  208  219  232  249  270  292  316  343  375  408  437  459  479  504
  533  558  567  557  537  521  517  521  522  514  498  483  477  485  502  523
  536  536  521  494  460  420  374  324  276  240  218  207  201  191  179  167
  159  156  155  156  155  155  156  161  169
    12.5-180.0 180.0   5.0 450.0                            LAT/LON1/LON2/DLON/H
  161  172  183  189  186  176  160  140  117   98   89   93  109  130  150  167
  181  196  209  224  241  262  287  312  339  368  399  431  457  477  496  520
  548  571  576  561  537  518  514  519  522  516  502  488  482  488  504  522
  534  532  513  483  447  408  365  320  276  241  220  209  202  192  180  169
  162  159  158  157  154  152  150  153  161
    10.0-180.0 180.0   5.0 450.0                            LAT/LON1/LON2/DLON/H
  155  165  177  184  184  177  163  142  116   91   75   76   92  116  141  162
  180  198  216  234  256  282  310  339  367  396  427  456  481  498  515  537
  562  581  582  563  536  516  511  517  522  518  507  495  489  492  504  518
  526  521  500  468  433  398  362  324  286  254  234  223  215  205  193  182
  176  172  169  166  161  155  150  150  155
     7.5-180.0 180.0   5.0 450.0                            LAT/LON1/LON2/DLON/H
  153  160  169  176  178  175  164  145  117   87   66   63   78  105  134  160
  182  202  224  247  272  302  334  366  396  425  454  481  503  518  532  551
  572  587  585  564  536  516  510  515  520  520  512  503  496  495  501  509
  513  505  483  452  421  392  365  335  304  277  257  245  236  225  214  205
  197  192  186  180  172  164  156  152  153
     5.0-180.0 180.0   5.0 450.0                            LAT/LON1/LON2/DLON/H
  154  156  161  167  171  170  163  146  118   84   59   53   68   98  130  159
  184  207  231  257  287  320  355  389  419  447  475  500  520  533  545  560
  577  588  583  562  535  516  509  512  517  517  513  507  500  495  494  496
  496  486  465  437  411  390  372  352  328  303  284  270  259  249  238  229
  221  213  204  195  185  176  166  157  154
     2.5-180.0 180.0   5.0 450.0                            LAT/LON1/LON2/DLON/H
  156  153  154  158  161  163  159  145  117   82   54   46   61   92  127  158
  185  210  236  264  296  331  368  403  433  460  486  509  527  540  549  561
  574  582  576  557  533  514  507  506  508  509  507  503  496  487  480  476
  473  463  445  422  401  389  379  366  347  325  305  290  277  266  257  249
  240  229  217  205  195  186  176  165  156
