LR1/IACG1820.23I
     1.0            IONOSPHERE MAPS     GNSS                IONEX VERSION / TYPE
IACGIM V0.1         IAC PNT             04-Jul-23 07:07     PGM / RUN BY / DATE
IAC PNT'S GLOBAL IONOSPHERE MAPS FOR DAY 182, 2023          COMMENT
  2023     7    1      0     0     0                        EPOCH OF FIRST MAP
  2023     7    2      0     0     0                        EPOCH OF LAST MAP
  3600                                                      INTERVAL
    13                                                      # OF MAPS IN FILE
  NONE                                                      MAPPING FUNCTION
    10.0                                                    ELEVATION CUTOFF
  6371.0                                                    BASE RADIUS
     2                                                      MAP DIMENSION
   450.0 450.0   0.0                                        HGT1 / HGT2 / DHGT
    87.5 -87.5  -2.5                                        LAT1 / LAT2 / DLAT
  -180.0 180.0   5.0                                        LON1 / LON2 / DLON
                                                            END OF HEADER
[from data line 2145]
     6                                                      START OF TEC MAP
  2023     7    1      10    0     0                        EPOCH OF CURRENT MAP
    87.5-180.0 180.0   5.0 450.0                            LAT/LON1/LON2/DLON/H
  139  139  139  139  139  139  139  140  140  140  140  141  141  142  142  143
  143  144  144  145  145  146  146  147  147  148  148  148  149  149  149  149
  149  149  149  149  149  149  149  148  148  148  148  147  147  147  146  146
  146  146  145  145  144  144  144  143  143  143  142  142  142  141  141  141
  140  140  140  140  139  139  139  139  139
    85.0-180.0 180.0   5.0 450.0                            LAT/LON1/LON2/DLON/H
  139  139  139  139  139  139  139  139  139  140  140  141  141  142  143  144
  145  146  147  148  149  151  152  153  154  155  155  156  156  157  157  157
  157  156  156  156  155  155  155  154  154  153  153  152  152  152  151  151
  151  150  150  149  149  149  148  148  147  147  146  146  145  145  144  144
  143  142  142  141  141  140  140  140  139
    82.5-180.0 180.0   5.0 450.0                            LAT/LON1/LON2/DLON/H
  144  144  143  143  142  142  142  142  141  141  141  142  142  143  144  145
  146  148  149  151  153  155  157  158  160  161  162  163  163  164  164  163
  163  162  162  161  160  159  159  158  158  157  157  157  157  156  156  156
  156  156  156  156  156  156  155  155  155  154  154  153  153  152  151  150
  150  149  148  147  147  146  145  145  144
    80.0-180.0 180.0   5.0 450.0                            LAT/LON1/LON2/DLON/H
  152  151  151  150  149  149  148  147  146  145  144  144  144  144  144  145
  146  148  150  152  154  157  159  161  163  165  166  167  168  168  167  167
  166  165  164  163  162  161  160  160  160  160  160  160  161  161  161  162
  162  162  163  163  163  164  164  164  164  164  163  163  162  162  161  160
  159  158  157  156  155  154  154  153  152
    77.5-180.0 180.0   5.0 450.0                            LAT/LON1/LON2/DLON/H
  161  160  159  159  158  156  155  153  152  150  148  147  146  145  144  144
  145  147  148  151  153  156  159  162  164  166  167  168  169  168  168  167
  166  164  163  162  161  160  160  160  161  161  162  163  164  165  165  166
  167  167  168  169  169  170  171  171  172  172  172  172  172  171  171  170
  168  167  166  165  164  163  162  162  161
    75.0-180.0 180.0   5.0 450.0                            LAT/LON1/LON2/DLON/H
  168  167  167  166  165  163  161  159  157  155  152  150  147  145  144  143
  143  144  146  148  150  153  156  159  161  164  165  166  166  166  166  165
  163  162  161  160  159  159  159  160  161  162  164  165  167  168  168  169
  170  170  171  172  172  173  175  176  177  178  178  179  179  178  178  177
  176  174  173  172  171  170  169  169  168
    72.5-180.0 180.0   5.0 450.0                            LAT/LON1/LON2/DLON/H
  171  171  170  169  168  166  165  162  160  157  154  151  148  146  143  142
  141  142  143  144  147  149  152  155  157  159  161  162  163  163  163  162
  161  160  159  158  158  159  159  161  163  164  166  168  169  170  170  171
  171  171  171  171  172  173  174  176  177  179  180  181  182  182  181  180
  179  178  176  175  174  173  173  172  171
    70.0-180.0 180.0   5.0 450.0                            LAT/LON1/LON2/DLON/H
  171  170  169  168  166  165  163  161  159  156  153  151  148  145  143  141
  140  140  140  142  144  146  148  150  152  154  156  158  159  160  161  161
  161  161  161  160  161  161  162  164  166  168  170  171  172  172  172  171
  170  169  168  168  168  168  170  172  174  176  178  179  180  181  180  180
  179  177  176  175  174  173  172  172  171
    67.5-180.0 180.0   5.0 450.0                            LAT/LON1/LON2/DLON/H
  167  166  164  162  160  158  156  154  152  151  149  147  145  143  141  140
  139  139  139  140  142  143  145  147  148  150  152  155  157  160  163  165
  166  167  167  167  167  168  169  170  172  173  174  175  175  174  173  171
  168  166  165  163  163  163  164  166  168  171  173  175  176  177  177  177
  176  175  174  173  172  171  170  169  167
    65.0-180.0 180.0   5.0 450.0                            LAT/LON1/LON2/DLON/H
  164  161  158  155  151  148  145  143  142  141  140  140  139  139  138  138
  138  138  139  140  141  143  144  145  146  148  151  154  159  164  169  173
  176  177  178  178  178  177  178  178  179  180  180  179  178  176  174  171
  168  166  163  161  160  160  160  162  164  166  168  170  172  173  173  173
  173  173  172  172  171  170  168  167  164
    62.5-180.0 180.0   5.0 450.0                            LAT/LON1/LON2/DLON/H
  164  159  154  148  143  138  134  131  129  128  129  130  131  132  133  134
  136  137  138  140  141  142  143  144  145  147  151  156  163  171  179  185
  190  192  193  192  191  190  189  188  187  187  186  184  182  180  177  174
  171  168  166  163  162  161  160  161  162  164  166  168  170  171  172  172
  173  173  173  173  173  172  170  167  164
    60.0-180.0 180.0   5.0 450.0                            LAT/LON1/LON2/DLON/H
  167  161  154  146  138  130  124  119  116  115  115  117  119  122  125  128
  130  133  135  138  140  142  143  144  145  148  153  161  170  180  191  199
  206  209  210  208  206  203  201  198  196  194  192  189  187  184  182  179
  177  175  173  171  169  167  166  166  167  168  169  171  172  173  174  175
  177  178  179  180  179  178  176  172  167
    57.5-180.0 180.0   5.0 450.0                            LAT/LON1/LON2/DLON/H
  176  169  160  149  138  127  118  111  106  103  103  104  107  110  114  118
  122  125  129  133  136  139  141  143  146  150  156  166  177  191  203  214
  221  225  225  223  220  216  212  209  205  202  199  196  193  190  189  188
  187  186  185  184  182  180  178  177  176  177  178  179  179  180  181  183
  185  188  189  190  190  188  185  181  176
    55.0-180.0 180.0   5.0 450.0                            LAT/LON1/LON2/DLON/H
  187  180  170  157  144  130  118  108  101   96   94   93   95   98  102  106
  111  115  120  125  130  135  139  142  146  151  159  171  185  200  214  226
  234  238  239  236  233  228  224  220  215  211  207  203  200  199  198  198
  199  200  200  199  197  195  193  191  190  190  190  190  190  191  192  195
  198  201  203  203  202  200  197  193  187
    52.5-180.0 180.0   5.0 450.0                            LAT/LON1/LON2/DLON/H
  198  191  180  167  152  137  123  111  101   94   89   86   86   88   91   95
   99  103  109  115  122  129  135  140  146  153  163  176  192  208  223  235
  244  248  249  247  244  240  236  232  227  223  218  214  211  210  209  211
  212  214  215  215  214  211  208  206  205  204  204  204  204  204  206  209
  212  215  217  217  214  211  207  203  198
    50.0-180.0 180.0   5.0 450.0                            LAT/LON1/LON2/DLON/H
  205  198  188  175  159  144  129  117  106   97   90   85   82   81   82   85
   88   92   98  105  114  123  131  139  147  157  168  182  198  214  229  241
  249  254  255  255  253  251  249  246  242  237  233  228  225  223  223  224
  226  228  229  229  227  225  222  219  218  217  217  217  217  217  219  222
  226  229  230  227  223  218  213  209  205
    47.5-180.0 180.0   5.0 450.0                            LAT/LON1/LON2/DLON/H
  205  199  190  177  162  147  134  123  114  105   96   88   83   79   79   79
   81   84   89   97  107  118  130  141  151  162  174  189  205  220  233  244
  252  257  260  262  263  264  263  262  260  256  251  247  243  240  239  240
  240  241  241  240  238  235  232  229  228  227  227  227  227  228  230  234
  238  240  239  234  227  219  213  209  205
    45.0-180.0 180.0   5.0 450.0                            LAT/LON1/LON2/DLON/H
  200  194  184  171  157  144  134  127  121  114  106   97   89   84   81   80
   80   81   85   93  104  117  131  144  157  170  183  198  212  226  237  246
  253  259  264  268  273  277  280  281  280  278  274  269  265  261  259  257
  256  255  253  251  247  243  239  236  234  234  235  235  235  236  239  243
  246  247  244  236  226  216  209  204  200
    42.5-180.0 180.0   5.0 450.0                            LAT/LON1/LON2/DLON/H
  191  184  172  158  144  134  128  126  125  122  116  108   99   93   88   86
   84   84   86   93  105  120  136  151  166  180  194  208  221  232  241  248
  254  261  268  275  283  290  296  300  302  301  299  295  290  286  282  279
  276  272  269  264  259  253  247  243  240  239  240  241  241  243  245  249
  252  252  246  236  223  212  203  197  191
    40.0-180.0 180.0   5.0 450.0                            LAT/LON1/LON2/DLON/H
  185  174  159  142  127  118  116  120  125  128  126  120  112  105  100   96
   93   91   92   98  110  125  143  160  176  192  206  219  230  238  245  250
  257  264  273  283  293  302  311  318  322  324  324  321  317  313  310  306
  302  298  292  286  278  269  261  253  248  246  246  247  248  249  252  255
  257  255  248  236  222  210  201  193  185
    37.5-180.0 180.0   5.0 450.0                            LAT/LON1/LON2/DLON/H
  186  169  149  128  111  102  103  111  122  131  134  131  124  118  113  109
  105  101  100  105  116  132  150  168  186  202  217  229  238  244  249  254
  260  269  279  290  301  312  322  331  339  344  346  346  345  343  342  340
  338  333  328  319  309  296  283  271  262  258  256  256  256  258  260  262
  262  259  251  239  227  216  207  198  186
    35.0-180.0 180.0   5.0 450.0                            LAT/LON1/LON2/DLON/H
  199  176  149  122  102   92   93  104  119  132  140  140  136  131  126  122
  116  110  108  110  121  136  155  174  192  210  225  236  244  248  252  257
  264  274  285  297  308  319  329  340  350  359  365  369  372  374  377  380
  382  381  376  367  354  336  317  300  286  277  273  271  270  271  271  272
  270  265  256  246  238  231  225  215  199
    32.5-180.0 180.0   5.0 450.0                            LAT/LON1/LON2/DLON/H
  224  195  162  131  107   95   94  103  119  134  144  148  145  141  137  132
  125  118  112  113  122  136  155  174  193  211  227  238  245  250  254  260
  268  279  291  302  313  322  332  343  356  368  379  388  396  404  414  425
  434  438  436  427  410  388  363  338  318  305  297  293  291  290  288  286
  281  273  265  258  255  255  253  244  224
    30.0-180.0 180.0   5.0 450.0                            LAT/LON1/LON2/DLON/H
  258  225  188  155  131  115  110  115  126  140  150  155  154  150  145  139
  131  121  113  111  118  131  149  168  188  207  223  235  242  247  253  262
  272  285  297  308  317  325  333  344  358  373  388  402  415  431  450  470
  488  499  501  492  473  446  415  384  358  340  329  323  319  315  310  303
  294  283  275  272  276  284  288  280  258
    27.5-180.0 180.0   5.0 450.0                            LAT/LON1/LON2/DLON/H
  294  260  224  194  172  156  145  141  144  152  159  163  162  157  151  143
  132  119  109  105  109  121  137  156  177  196  214  226  235  242  251  263
  276  290  303  314  322  329  336  345  359  376  394  412  431  453  480  510
  537  555  562  554  533  503  467  432  402  380  366  358  351  344  335  323
  308  293  283  283  294  310  321  316  294
    25.0-180.0 180.0   5.0 450.0                            LAT/LON1/LON2/DLON/H
  323  293  264  242  227  213  196  181  172  171  173  174  170  163  154  144
  130  115  102   95   97  107  122  141  162  183  201  215  225  236  249  264
  281  297  311  323  331  337  342  350  363  380  399  419  441  468  502  540
  575  600  610  603  582  550  512  475  443  421  406  395  386  376  362  344
  322  301  288  289  305  327  344  343  323
    22.5-180.0 180.0   5.0 450.0                            LAT/LON1/LON2/DLON/H
  338  316  299  292  289  280  260  234  210  197  190  186  179  168  156  143
  127  109   94   84   84   92  107  125  146  168  188  203  216  230  248  268
  288  306  322  336  346  352  356  361  371  387  405  425  448  478  515  557
  597  625  637  632  612  581  545  509  479  458  443  432  421  407  388  364
  335  307  289  287  304  330  350  353  338
    20.0-180.0 180.0   5.0 450.0                            LAT/LON1/LON2/DLON/H
  334  323  322  335  349  350  328  291  253  226  210  199  187  172  157  141
  123  104   86   75   74   80   94  112  134  157  177  195  210  228  250  274
  297  317  336  353  367  375  378  380  386  398  414  432  453  481  519  561
  601  630  642  637  619  592  561  531  507  489  477  466  453  435  412  382
  346  311  286  279  291  316  337  343  334
    17.5-180.0 180.0   5.0 450.0                            LAT/LON1/LON2/DLON/H
  312  313  331  365  399  412  391  346  295  254  228  210  192  174  155  137
  119   99   82   70   68   74   86  104  126  150  172  191  209  231  257  284
  308  331  352  374  392  403  406  405  406  414  426  440  457  482  515  554
  590  615  625  621  606  586  563  543  526  514  505  495  480  460  432  398
  358  316  282  266  271  289  308  315  312
    15.0-180.0 180.0   5.0 450.0                            LAT/LON1/LON2/DLON/H
  277  290  325  380  434  460  442  391  329  278  242  216  194  171  150  131
  114   96   80   69   66   72   84  102  125  149  172  193  213  238  267  296
  322  346  370  395  418  433  436  432  429  432  439  449  462  481  508  540
  569  588  594  590  581  569  557  546  539  534  528  518  502  479  449  412
  370  324  283  256  248  257  269  275  277
    12.5-180.0 180.0   5.0 450.0                            LAT/LON1/LON2/DLON/H
  240  261  309  380  450  488  475  422  352  291  248  216  188  162  140  122
  107   92   79   70   69   75   87  105  128  152  176  198  221  247  278  309
  336  360  386  414  441  459  462  456  450  449  453  460  468  482  502  525
  545  557  559  556  552  549  548  548  549  549  545  535  517  492  461  425
  383  337  290  253  232  228  231  234  240
    10.0-180.0 180.0   5.0 450.0                            LAT/LON1/LON2/DLON/H
  210  235  290  371  450  496  488  434  361  294  245  208  177  148  125  110
   98   88   78   73   73   80   92  110  132  157  182  205  229  257  289  320
  347  371  397  428  457  476  479  472  464  461  464  469  475  485  499  514
  526  531  530  528  530  536  544  552  558  561  558  547  526  499  469  436
  399  356  308  263  230  212  205  204  210
     7.5-180.0 180.0   5.0 450.0                            LAT/LON1/LON2/DLON/H
  198  222  276  356  437  486  481  429  355  286  234  194  159  130  107   94
   87   81   76   73   76   84   96  112  134  160  186  209  234  263  295  326
  353  377  402  432  461  480  483  476  467  465  468  475  481  490  501  511
  517  518  515  515  522  534  548  560  568  570  565  551  528  499  470  442
  414  379  335  287  245  216  200  194  198
     5.0-180.0 180.0   5.0 450.0                            LAT/LON1/LON2/DLON/H
  207  225  270  341  416  462  458  409  338  270  216  175  140  109   88   77
   73   72   70   71   75   83   94  110  132  158  184  209  234  263  295  326
  353  376  400  427  454  470  473  466  459  459  465  475  484  495  506  515
  519  518  516  519  530  546  561  572  576  574  565  547  521  491  464  443
  425  402  367  322  275  239  218  207  207
     2.5-180.0 180.0   5.0 450.0                            LAT/LON1/LON2/DLON/H
  235  243  275  329  390  429  424  379  312  248  197  156  121   91   71   62
   60   61   62   65   70   77   87  102  123  149  177  203  228  256  288  319
  346  368  390  414  435  448  449  443  439  443  453  467  481  496  511  522
  529  529  530  536  549  565  577  582  579  570  555  534  505  474  448  434
  428  420  398  360  316  278  253  240  235
