LR1/IACG0010.21I
     1.0            IONOSPHERE MAPS     GNSS                IONEX VERSION / TYPE
IACGIM V0.1         IAC PNT             20-Jul-22 16:03     PGM / RUN BY / DATE
IAC PNT'S GLOBAL IONOSPHERE MAPS FOR DAY 001, 2021          COMMENT
  2021     1    1      0     0     0                        EPOCH OF FIRST MAP
  2021     1    2      0     0     0                        EPOCH OF LAST MAP
  3600                                                      INTERVAL
    13                                                      # OF MAPS IN FILE
  NONE                                                      MAPPING FUNCTION
    10.0                                                    ELEVATION CUTOFF
  6371.0                                                    BASE RADIUS
     2                                                      MAP DIMENSION
   450.0 450.0   0.0                                        HGT1 / HGT2 / DHGT
    87.5 -87.5  -2.5                                        LAT1 / LAT2 / DLAT
  -180.0 180.0   5.0                                        LON1 / LON2 / DLON
                                                            END OF HEADER
[from data line 5148]
    13                                                      START OF TEC MAP
  2021     1    2      0     0     0                        EPOCH OF CURRENT MAP
    87.5-180.0 180.0   5.0 450.0                            LAT/LON1/LON2/DLON/H
    0    0    0    0    0    0    0    0    0    0    0    0    0    0    0    0
    0    0    0    0    0    0    0    0    0    0    0    0    0    0    0    0
    0    0    0    0    0    0    0    0    0    0    0    0    0    0    0    0
    0    0    0    0    0    0    0    0    0    0    0    0    0    0    0    0
    0    0    0    0    0    0    0    0    0
    85.0-180.0 180.0   5.0 450.0                            LAT/LON1/LON2/DLON/H
    0    0    0    0    0    0    0    0    0    0    0    0    0    0    0    0
    0    0    0    0    0    0    0    0    0    0    0    0    0    0    0    0
    0    0    0    0    0    0    0    0    0    0    0    0    0    0    0    0
    0    0    0    0    0    0    0    0    0    0    0    0    0    0    0    0
    0    0    0    0    0    0    0    0    0
    82.5-180.0 180.0   5.0 450.0                            LAT/LON1/LON2/DLON/H
    0    0    0    0    0    0    0    0    0    0    0    0    0    0    0    0
    0    0    0    0    0    0    0    0    0    0    0    0    0    0    0    0
    0    0    0    0    0    0    0    0    0    0    0    0    0    0    0    0
    0    0    0    0    0    0    0    0    0    0    0    0    0    0    0    0
    0    0    0    0    0    0    0    0    0
    80.0-180.0 180.0   5.0 450.0                            LAT/LON1/LON2/DLON/H
    0    0    0    1    1    1    1    1    1    0    0    0    0    0    0    0
    0    0    0    0    0    0    0    0    0    0    0    0    0    0    0    0
    0    0    0    0    0    0    0    0    0    0    0    0    0    0    0    0
    0    0    0    0    0    0    0    0    0    0    0    0    0    0    0    0
    0    0    0    0    0    0    0    0    0
    77.5-180.0 180.0   5.0 450.0                            LAT/LON1/LON2/DLON/H
    9   10   10   11   11   11   10   10    9    8    7    5    4    3    2    0
    0    0    0    0    0    0    0    0    0    0    0    0    0    0    0    0
    0    0    0    0    0    0    0    0    0    0    0    0    0    0    0    0
    0    0    0    0    0    0    0    0    0    0    0    0    0    0    0    0
    0    0    0    1    3    4    6    8    9
    75.0-180.0 180.0   5.0 450.0                            LAT/LON1/LON2/DLON/H
   19   19   20   20   20   19   18   17   16   14   13   11    9    7    5    4
    2    1    0    0    0    0    0    0    0    0    0    0    0    0    0    0
    0    0    0    0    0    0    0    0    0    0    0    0    0    0    0    0
    0    0    0    0    0    0    0    0    0    0    0    0    0    0    0    0
    1    3    6    8   11   13   15   17   19
    72.5-180.0 180.0   5.0 450.0                            LAT/LON1/LON2/DLON/H
   27   28   28   27   26   25   24   22   20   19   17   14   12   10    8    5
    3    2    1    0    0    0    0    0    0    0    0    0    0    0    0    0
    0    0    0    0    0    0    0    0    0    0    0    0    0    0    0    0
    0    0    0    0    0    0    0    0    0    0    0    0    0    0    1    3
    6    9   12   15   18   21   23   25   27
    70.0-180.0 180.0   5.0 450.0                            LAT/LON1/LON2/DLON/H
   33   34   34   33   31   30   28   25   23   21   19   17   14   11    9    6
    4    2    0    0    0    0    0    0    0    0    0    0    0    0    0    0
    0    0    0    0    0    0    0    0    0    0    0    0    0    0    0    0
    0    0    0    0    0    0    0    0    0    0    0    0    0    1    3    6
    9   12   16   20   23   27   29   32   33
    67.5-180.0 180.0   5.0 450.0                            LAT/LON1/LON2/DLON/H
   38   39   38   37   35   33   30   27   25   22   20   18   15   12    9    6
    3    1    0    0    0    0    0    0    0    0    0    0    0    0    0    0
    0    0    0    0    0    0    0    0    0    0    0    0    0    0    0    0
    0    0    0    0    0    0    0    0    0    0    0    0    0    2    5    8
   11   15   19   23   27   30   34   36   38
    65.0-180.0 180.0   5.0 450.0                            LAT/LON1/LON2/DLON/H
   42   43   43   41   39   36   32   29   26   23   21   18   16   13   10    6
    3    0    0    0    0    0    0    0    0    0    0    0    0    0    0    0
    0    0    0    0    0    0    0    0    0    0    0    0    0    0    0    0
    0    0    0    0    0    0    0    0    0    0    0    0    0    3    6   10
   14   17   21   25   29   33   37   39   42
    62.5-180.0 180.0   5.0 450.0                            LAT/LON1/LON2/DLON/H
   46   47   48   47   44   40   36   32   28   24   22   19   17   14   11    7
    4    0    0    0    0    0    0    0    0    0    0    0    0    0    0    0
    0    0    0    0    0    0    0    0    0    0    0    0    0    0    0    0
    0    0    0    0    0    0    0    0    0    0    0    0    2    6   10   13
   17   21   24   28   32   36   39   43   46
    60.0-180.0 180.0   5.0 450.0                            LAT/LON1/LON2/DLON/H
   51   54   55   54   52   47   42   37   31   27   24   21   18   16   13    9
    5    1    0    0    0    0    0    0    0    0    0    0    0    0    0    0
    0    0    0    0    0    0    0    0    0    0    0    0    0    0    0    0
    0    0    0    0    0    0    0    0    0    0    0    1    6   10   15   19
   23   26   29   32   36   39   43   47   51
    57.5-180.0 180.0   5.0 450.0                            LAT/LON1/LON2/DLON/H
   58   61   64   64   62   57   51   44   37   32   27   24   21   18   15   12
    8    3    0    0    0    0    0    0    0    0    0    0    1    2    2    3
    3    4    5    6    7    8    8    8    7    6    5    5    5    4    3    1
    0    0    0    0    0    0    0    0    0    0    1    6   11   18   23   28
   32   35   37   40   42   45   49   53   58
    55.0-180.0 180.0   5.0 450.0                            LAT/LON1/LON2/DLON/H
   66   70   74   75   73   69   62   54   45   38   32   27   24   22   19   15
   11    7    3    0    0    0    0    0    0    0    2    5    9   11   12   13
   13   14   16   17   19   20   20   19   18   16   15   15   14   13   12    9
    6    4    2    0    0    0    0    0    0    2    6   12   19   27   34   40
   44   47   49   50   52   54   57   61   66
    52.5-180.0 180.0   5.0 450.0                            LAT/LON1/LON2/DLON/H
   75   79   84   86   85   81   74   65   55   46   38   33   28   26   23   19
   16   11    7    3    0    0    0    0    1    4    9   14   19   22   23   24
   24   26   27   30   32   32   32   31   29   27   25   25   24   22   20   17
   14   11    8    7    7    6    5    5    5    7   12   19   28   37   46   53
   58   61   62   63   64   65   67   70   75
    50.0-180.0 180.0   5.0 450.0                            LAT/LON1/LON2/DLON/H
   83   87   91   94   94   91   85   76   65   55   46   39   34   30   28   24
   21   16   12    9    6    5    5    6    9   13   19   25   30   34   35   36
   36   37   39   41   43   44   43   41   39   36   34   33   32   30   28   25
   21   18   15   14   14   13   12   11   11   13   18   27   37   48   58   66
   71   75   77   78   78   78   78   80   83
    47.5-180.0 180.0   5.0 450.0                            LAT/LON1/LON2/DLON/H
   89   92   96   98   99   98   93   85   75   65   55   47   40   36   33   30
   27   23   19   16   14   14   14   16   19   24   30   36   42   45   46   46
   46   47   49   51   53   53   52   49   46   43   40   39   37   36   34   31
   27   24   22   21   21   20   19   17   17   19   24   33   45   57   67   76
   83   87   90   92   91   90   89   88   89
    45.0-180.0 180.0   5.0 450.0                            LAT/LON1/LON2/DLON/H
   94   95   96   98  100   99   96   91   83   74   65   56   48   43   40   37
   34   30   27   24   23   24   26   28   31   36   41   48   53   55   55   54
   53   54   56   58   59   59   57   54   50   47   44   42   41   40   38   35
   32   29   27   27   27   27   25   23   22   23   29   38   50   62   74   83
   90   96  101  103  103  101   98   96   94
    42.5-180.0 180.0   5.0 450.0                            LAT/LON1/LON2/DLON/H
   98   96   95   95   96   96   96   94   90   83   75   66   58   52   48   45
   41   38   35   33   34   36   38   41   44   47   52   57   61   62   61   59
   59   59   61   63   63   62   59   56   53   49   46   44   43   41   40   37
   35   32   31   31   32   32   30   27   26   27   32   41   53   65   75   85
   93  100  106  111  112  111  107  102   98
    40.0-180.0 180.0   5.0 450.0                            LAT/LON1/LON2/DLON/H
  103   98   94   92   91   92   93   95   94   91   84   76   68   61   56   53
   50   46   44   43   44   47   51   53   55   58   61   65   67   67   65   62
   61   62   64   65   64   61   59   56   53   50   47   45   43   42   41   39
   37   35   34   34   35   35   33   30   28   29   34   43   53   64   74   83
   91  100  108  115  118  118  114  109  103
    37.5-180.0 180.0   5.0 450.0                            LAT/LON1/LON2/DLON/H
  111  104   97   92   89   89   91   95   98   98   94   86   78   70   65   61
   58   55   52   52   54   58   61   64   65   65   67   70   71   69   66   63
   63   63   65   65   63   59   56   54   53   51   48   46   44   43   42   40
   38   36   36   36   36   36   34   32   30   31   36   44   53   62   70   78
   87   96  107  116  122  125  123  118  111
    35.0-180.0 180.0   5.0 450.0                            LAT/LON1/LON2/DLON/H
  124  117  109  101   95   92   93   97  102  104  102   95   87   79   73   68
   65   62   60   59   62   66   69   71   70   70   71   72   73   71   67   64
   63   64   65   64   61   57   54   53   52   51   49   47   45   44   43   41
   39   37   36   36   36   35   34   32   31   33   37   44   52   59   66   73
   82   93  105  117  126  132  133  130  124
    32.5-180.0 180.0   5.0 450.0                            LAT/LON1/LON2/DLON/H
  145  139  131  122  113  106  104  105  108  110  108  103   95   86   80   75
   71   68   66   65   67   71   73   74   72   71   72   73   74   72   68   65
   64   65   65   63   59   54   52   52   53   52   51   48   45   44   43   41
   39   37   36   35   34   33   32   30   31   34   39   45   52   59   65   72
   81   92  106  120  132  142  146  147  145
    30.0-180.0 180.0   5.0 450.0                            LAT/LON1/LON2/DLON/H
  172  170  165  156  144  134  126  121  119  117  114  108  100   92   85   80
   76   73   71   70   71   73   74   73   71   70   71   74   75   74   70   66
   65   66   65   62   57   53   51   52   54   53   51   48   45   43   42   40
   38   36   34   33   31   30   29   29   31   35   41   48   55   61   68   75
   85   97  111  127  142  155  164  170  172
    27.5-180.0 180.0   5.0 450.0                            LAT/LON1/LON2/DLON/H
  203  208  207  201  190  175  160  147  136  127  119  112  104   96   88   83
   79   77   74   73   73   73   73   71   69   68   71   75   78   77   73   69
   67   66   65   61   56   52   52   53   54   53   50   45   42   40   39   38
   36   34   31   29   27   26   25   26   31   37   45   53   60   68   76   86
   97  109  124  140  157  172  185  195  203
    25.0-180.0 180.0   5.0 450.0                            LAT/LON1/LON2/DLON/H
  235  247  254  254  244  227  205  180  157  139  125  115  106   99   92   86
   82   79   77   76   74   73   71   68   66   67   72   78   82   81   76   71
   68   66   64   60   55   52   52   53   54   51   46   41   37   35   34   33
   31   29   27   25   23   21   21   25   31   40   49   59   68   79   90  102
  115  128  142  158  175  191  206  221  235
    22.5-180.0 180.0   5.0 450.0                            LAT/LON1/LON2/DLON/H
  262  282  298  306  301  284  255  219  183  152  131  117  109  102   95   89
   85   82   80   79   76   74   70   67   65   68   75   83   87   85   79   72
   67   65   62   57   53   52   52   53   51   46   39   33   29   27   26   26
   25   24   22   21   19   17   19   24   32   44   55   67   79   92  108  123
  138  152  165  179  194  210  226  243  262
    20.0-180.0 180.0   5.0 450.0                            LAT/LON1/LON2/DLON/H
  280  306  332  349  352  337  304  259  210  168  138  122  114  108  101   94
   88   85   84   83   80   76   72   69   68   72   80   88   91   88   80   71
   65   61   57   53   50   50   51   51   47   39   30   23   19   18   18   18
   18   18   18   17   15   15   17   24   35   48   62   76   91  108  127  146
  163  176  188  200  213  226  240  258  280
    17.5-180.0 180.0   5.0 450.0                            LAT/LON1/LON2/DLON/H
  285  316  349  376  387  378  345  293  235  182  146  127  121  117  110  101
   94   90   89   88   86   82   77   74   74   79   87   94   95   89   79   69
   61   56   52   48   46   47   48   47   40   30   20   13   10    9   10   10
   12   13   14   14   14   15   18   27   39   55   70   85  102  123  145  167
  185  198  208  217  226  236  247  262  285
    15.0-180.0 180.0   5.0 450.0                            LAT/LON1/LON2/DLON/H
  277  308  346  381  401  399  369  316  253  194  154  135  131  129  122  112
  102   96   95   95   93   90   85   83   84   88   95   98   96   87   75   64
   57   51   46   42   40   42   44   41   33   21   11    5    3    3    4    5
    8   10   13   14   15   16   21   31   45   62   78   95  113  136  161  184
  203  215  222  228  233  238  244  256  277
    12.5-180.0 180.0   5.0 450.0                            LAT/LON1/LON2/DLON/H
  257  286  325  363  390  396  373  325  262  202  162  145  144  144  138  125
  112  104  102  102  101   98   95   94   95   99  102  102   95   83   70   59
   52   47   41   36   35   37   38   35   26   15    5    0    0    0    1    3
    7   10   14   16   17   20   27   37   52   69   86  103  122  145  171  195
  213  223  227  230  232  233  234  240  257
    10.0-180.0 180.0   5.0 450.0                            LAT/LON1/LON2/DLON/H
  230  254  289  327  357  370  356  317  260  205  168  155  158  162  157  142
  125  114  110  109  109  107  105  105  107  109  109  104   92   78   65   56
   51   45   39   33   31   32   33   30   21   11    4    1    1    2    3    6
    9   13   17   19   21   26   33   44   60   77   94  110  129  151  176  199
  215  223  225  225  225  223  219  220  230
     7.5-180.0 180.0   5.0 450.0                            LAT/LON1/LON2/DLON/H
  204  219  246  278  308  326  323  295  250  204  173  165  173  180  176  159
  139  124  118  116  115  114  113  114  117  118  114  105   90   75   63   57
   53   48   40   33   29   29   30   26   19   11    7    6    7    8    9   12
   15   19   22   24   26   31   39   51   66   83   99  115  132  153  176  197
  211  216  217  216  214  210  204  200  204
     5.0-180.0 180.0   5.0 450.0                            LAT/LON1/LON2/DLON/H
  184  190  206  229  254  274  280  266  235  201  178  176  187  198  194  177
  154  136  126  122  120  119  119  121  124  125  119  106   90   75   65   62
   60   56   46   36   30   29   29   26   21   16   14   15   16   17   18   20
   23   26   27   28   31   36   44   56   71   87  103  117  132  151  172  191
  203  207  206  205  204  200  194  187  184
     2.5-180.0 180.0   5.0 450.0                            LAT/LON1/LON2/DLON/H
  177  174  178  188  205  224  238  238  222  200  185  187  201  213  211  194
  170  149  135  128  124  122  122  126  129  129  123  109   93   79   73   73
   72   67   56   44   36   33   32   29   26   23   24   26   27   27   27   29
   31   32   31   31   33   39   47   59   73   88  103  116  130  146  165  183
  194  198  197  197  197  196  191  184  177
