LR1/IACG0010.25I
     1.0            IONOSPHERE MAPS     GNSS                IONEX VERSION / TYPE
IACGIM V0.1         IAC PNT             04-Jan-25 07:28     PGM / RUN BY / DATE
IAC PNT'S GLOBAL IONOSPHERE MAPS FOR DAY 001, 2025          COMMENT
  2025     1    1      0     0     0                        EPOCH OF FIRST MAP
  2025     1    2      0     0     0                        EPOCH OF LAST MAP
  3600                                                      INTERVAL
    13                                                      # OF MAPS IN FILE
  NONE                                                      MAPPING FUNCTION
    10.0                                                    ELEVATION CUTOFF
  6371.0                                                    BASE RADIUS
     2                                                      MAP DIMENSION
   450.0 450.0   0.0                                        HGT1 / HGT2 / DHGT
    87.5 -87.5  -2.5                                        LAT1 / LAT2 / DLAT
  -180.0 180.0   5.0                                        LON1 / LON2 / DLON
                                                            END OF HEADER
[from data line 1716]
     5                                                      START OF TEC MAP
  2025     1    1      8     0     0                        EPOCH OF CURRENT MAP
    87.5-180.0 180.0   5.0 450.0                            LAT/LON1/LON2/DLON/H
   35   34   34   33   32   31   30   29   27   26   25   24   22   21   20   19
   18   17   16   15   14   14   13   12   12   12   11   11   11   11   11   12
   12   12   12   13   13   14   15   15   16   17   17   18   19   20   21   22
   23   24   25   26   28   29   30   31   32   33   33   34   35   36   36   36
   37   37   37   37   37   37   36   36   35
    85.0-180.0 180.0   5.0 450.0                            LAT/LON1/LON2/DLON/H
   58   57   55   53   51   49   47   45   42   40   37   35   32   30   27   25
   23   21   20   18   17   16   15   14   14   13   13   14   14   14   15   16
   16   17   18   19   19   20   21   22   23   24   25   26   28   29   31   32
   34   36   39   41   43   45   47   49   51   53   55   56   58   59   60   60
   61   61   61   61   61   61   60   59   58
    82.5-180.0 180.0   5.0 450.0                            LAT/LON1/LON2/DLON/H
   82   80   78   76   73   70   67   63   60   56   52   49   45   42   39   36
   33   30   28   26   25   24   23   22   22   22   23   24   25   26   27   29
   30   32   33   34   35   36   37   38   38   39   40   41   42   44   46   48
   51   54   57   60   64   67   70   73   75   78   80   81   83   84   84   85
   85   86   86   86   86   85   84   83   82
    80.0-180.0 180.0   5.0 450.0                            LAT/LON1/LON2/DLON/H
  102  101   99   96   93   89   85   80   76   71   67   62   58   54   51   47
   45   42   40   38   37   35   35   34   35   35   36   38   40   42   45   47
   50   52   54   55   56   57   57   57   57   57   57   58   59   61   63   66
   70   74   78   83   87   91   95   99  101  103  104  105  105  104  104  103
  103  103  103  103  104  104  104  103  102
    77.5-180.0 180.0   5.0 450.0                            LAT/LON1/LON2/DLON/H
  115  115  113  110  107  103   98   93   88   82   77   73   68   65   61   59
   56   54   53   51   50   49   49   48   49   50   51   53   56   59   62   65
   69   72   74   76   77   77   77   76   75   75   74   74   75   77   80   84
   89   95  100  107  112  117  121  124  126  126  124  122  119  116  113  111
  109  109  109  110  111  113  114  115  115
    75.0-180.0 180.0   5.0 450.0                            LAT/LON1/LON2/DLON/H
  120  121  120  118  115  110  105  100   94   88   83   79   75   72   70   68
   67   66   65   65   64   64   63   63   63   64   65   67   69   73   76   80
   84   87   89   91   92   92   91   90   88   87   87   88   89   92   97  102
  109  116  124  132  138  144  147  149  148  145  140  133  125  118  111  106
  103  101  102  104  108  112  115  118  120
    72.5-180.0 180.0   5.0 450.0                            LAT/LON1/LON2/DLON/H
  119  121  121  120  117  112  107  101   96   90   85   81   78   76   75   75
   76   77   77   78   79   78   78   78   77   77   77   78   80   83   86   89
   92   94   96   97   98   97   96   95   94   94   96   98  102  107  114  122
  131  141  150  159  166  172  174  174  169  162  151  138  124  111  100   91
   86   84   86   90   96  103  109  115  119
    70.0-180.0 180.0   5.0 450.0                            LAT/LON1/LON2/DLON/H
  114  117  119  118  116  112  107  101   95   90   85   82   80   79   80   82
   84   86   89   91   92   93   93   92   90   89   88   88   88   89   90   92
   93   94   95   95   94   93   93   93   94   97  102  108  116  126  136  148
  160  171  182  192  199  204  205  201  193  180  163  143  123  103   87   75
   68   66   69   75   84   93  101  109  114
    67.5-180.0 180.0   5.0 450.0                            LAT/LON1/LON2/DLON/H
  110  114  116  116  114  111  107  102   96   91   87   84   83   83   85   88
   92   96   99  102  104  106  106  104  102  100   98   95   93   92   91   90
   89   88   86   85   84   84   85   88   93  100  110  122  136  151  166  182
  197  211  223  232  239  242  241  235  222  204  182  156  128  103   81   66
   57   55   59   67   77   87   97  104  110
    65.0-180.0 180.0   5.0 450.0                            LAT/LON1/LON2/DLON/H
  109  112  114  115  115  114  110  106  100   95   91   88   88   89   92   96
  100  104  108  111  114  115  115  114  112  108  105  101   97   94   90   86
   82   78   75   73   72   73   77   85   95  109  126  145  165  187  208  228
  245  261  273  283  288  290  286  277  261  239  212  181  148  117   91   73
   62   60   64   72   82   91   99  105  109
    62.5-180.0 180.0   5.0 450.0                            LAT/LON1/LON2/DLON/H
  111  112  114  117  118  119  117  113  108  102   98   96   96   98  101  105
  108  111  114  117  119  120  120  119  116  112  108  104   99   93   87   81
   75   69   65   62   63   68   76   89  107  128  152  179  206  234  260  284
  304  321  333  342  346  345  340  329  311  286  256  221  185  151  122  101
   89   85   88   94  100  106  109  110  111
    60.0-180.0 180.0   5.0 450.0                            LAT/LON1/LON2/DLON/H
  115  113  115  119  123  126  126  123  117  112  107  105  106  108  111  113
  116  117  117  118  118  118  117  116  113  110  106  102   97   91   84   76
   68   62   58   58   62   72   87  107  132  160  191  224  258  290  320  347
  369  386  398  406  408  406  399  386  368  343  311  276  238  202  171  148
  134  128  128  129  129  128  124  118  115
    57.5-180.0 180.0   5.0 450.0                            LAT/LON1/LON2/DLON/H
  116  112  114  120  127  133  134  132  127  120  116  114  115  117  120  121
  121  119  117  114  111  109  108  106  103  101   98   94   90   85   78   70
   63   58   57   61   71   88  111  138  170  205  242  279  316  350  382  410
  432  450  462  469  470  467  458  445  426  401  371  336  299  264  232  207
  191  181  175  169  162  151  138  125  116
    55.0-180.0 180.0   5.0 450.0                            LAT/LON1/LON2/DLON/H
  113  107  110  118  128  136  140  138  132  126  121  120  121  124  127  127
  124  119  112  106  100   96   92   89   87   85   83   82   79   76   70   64
   59   57   61   72   90  115  146  182  220  259  298  337  374  408  438  465
  487  504  516  523  524  520  510  496  476  453  424  392  358  324  292  266
  246  231  218  205  188  168  146  127  113
    52.5-180.0 180.0   5.0 450.0                            LAT/LON1/LON2/DLON/H
  103   97  100  111  124  135  140  139  133  127  123  122  124  128  131  130
  125  117  107   96   88   80   75   70   67   65   65   65   65   63   60   57
   56   59   70   89  117  151  190  232  274  316  355  392  426  456  482  505
  525  541  554  562  563  559  548  532  511  488  462  433  402  370  339  312
  288  267  247  225  200  172  144  120  103
    50.0-180.0 180.0   5.0 450.0                            LAT/LON1/LON2/DLON/H
   88   82   87   99  114  127  133  134  129  124  121  121  125  129  133  132
  126  115  102   89   78   69   61   55   50   47   47   48   50   51   50   50
   53   63   82  111  147  190  236  282  327  369  406  439  467  490  510  527
  543  558  571  580  584  579  567  548  525  500  475  449  422  393  364  335
  307  280  253  225  194  162  131  105   88
    47.5-180.0 180.0   5.0 450.0                            LAT/LON1/LON2/DLON/H
   72   67   72   85  101  114  122  124  123  120  118  120  125  130  134  133
  126  115  101   88   75   65   56   48   40   36   34   35   37   39   41   44
   52   69   96  133  178  227  278  327  372  412  446  474  495  510  521  531
  542  554  568  579  585  581  566  544  517  490  465  442  418  393  365  335
  304  271  238  205  172  140  111   87   72
    45.0-180.0 180.0   5.0 450.0                            LAT/LON1/LON2/DLON/H
   62   57   61   72   86  100  109  115  116  117  119  122  127  132  136  136
  130  119  106   94   83   73   64   53   43   35   30   30   31   33   36   41
   54   77  111  155  206  259  311  360  405  443  474  497  512  519  522  523
  527  536  549  563  570  567  551  525  494  464  438  416  396  374  349  319
  285  248  210  175  143  115   92   74   62
    42.5-180.0 180.0   5.0 450.0                            LAT/LON1/LON2/DLON/H
   63   58   58   65   76   88   99  108  114  119  124  129  134  138  141  141
  137  128  118  108  101   93   84   72   59   46   38   33   32   33   35   43
   59   87  126  175  229  283  334  382  425  462  491  511  522  524  519  512
  509  513  524  538  548  546  530  501  467  435  408  387  369  351  329  300
  264  223  183  147  119   99   84   72   63
    40.0-180.0 180.0   5.0 450.0                            LAT/LON1/LON2/DLON/H
   82   73   67   68   74   84   95  106  118  128  136  142  146  148  150  150
  147  141  135  129  126  122  115  102   85   68   54   46   41   39   41   49
   68   99  143  193  247  299  348  393  435  472  502  522  532  531  521  507
  496  494  502  516  527  527  512  484  450  417  390  371  356  342  323  296
  259  216  174  139  115  103   96   90   82
    37.5-180.0 180.0   5.0 450.0                            LAT/LON1/LON2/DLON/H
  119  104   90   83   84   90  100  113  128  142  153  159  160  161  161  161
  160  157  154  153  154  155  150  137  117   96   77   63   55   50   51   60
   80  114  159  210  261  310  356  399  440  479  512  535  547  546  534  515
  499  490  494  505  517  519  508  485  455  425  402  385  373  362  346  322
  286  241  197  161  141  134  133  130  119
    35.0-180.0 180.0   5.0 450.0                            LAT/LON1/LON2/DLON/H
  174  150  128  113  107  109  117  128  143  158  169  175  174  172  171  171
  172  171  171  174  179  184  181  169  147  122   99   82   70   63   63   72
   95  131  176  226  274  319  361  404  447  489  526  554  570  572  561  541
  520  507  505  513  524  529  524  510  489  469  451  438  428  419  408  386
  352  306  258  220  200  195  195  190  174
    32.5-180.0 180.0   5.0 450.0                            LAT/LON1/LON2/DLON/H
  239  206  175  155  145  142  144  149  159  172  182  185  183  178  177  178
  181  182  184  188  195  203  202  190  168  141  116   96   82   75   74   85
  109  147  192  240  286  328  370  414  460  507  549  582  602  608  600  583
  562  546  539  543  551  559  562  560  555  547  538  529  521  514  505  487
  454  407  356  313  288  280  276  264  239
    30.0-180.0 180.0   5.0 450.0                            LAT/LON1/LON2/DLON/H
  307  265  230  207  195  188  180  175  175  181  187  187  183  178  177  181
  186  188  189  193  201  208  208  197  175  149  123  103   89   82   83   95
  122  161  207  254  298  340  383  431  482  534  580  616  640  650  648  636
  619  603  593  591  597  606  618  631  644  653  655  650  641  634  626  611
  581  533  477  427  394  377  364  342  307
    27.5-180.0 180.0   5.0 450.0                            LAT/LON1/LON2/DLON/H
  368  321  285  265  255  242  223  203  189  184  183  180  174  169  171  178
  186  189  189  190  194  200  199  189  168  144  121  102   90   84   87  103
  132  173  220  266  311  355  402  456  513  569  617  654  679  693  697  693
  683  670  660  654  655  664  683  712  744  770  782  780  769  759  751  739
  711  664  603  545  502  473  448  414  368
    25.0-180.0 180.0   5.0 450.0                            LAT/LON1/LON2/DLON/H
  416  367  336  324  318  302  271  233  201  182  173  166  159  156  161  172
  183  186  184  181  181  182  179  168  150  129  110   96   86   83   90  108
  140  183  230  278  324  372  426  486  549  608  657  691  714  730  740  745
  745  740  732  723  719  725  749  789  838  879  900  898  882  867  858  848
  824  777  713  647  594  554  516  470  416
    22.5-180.0 180.0   5.0 450.0                            LAT/LON1/LON2/DLON/H
  447  400  379  379  381  363  319  263  212  179  162  151  144  143  151  167
  180  184  179  171  165  160  153  141  125  109   96   86   81   81   91  113
  148  192  240  289  338  391  451  517  586  646  693  723  743  757  772  787
  798  804  800  790  780  782  805  852  912  964  989  985  962  940  928  920
  900  856  791  721  660  610  561  505  447
    20.0-180.0 180.0   5.0 450.0                            LAT/LON1/LON2/DLON/H
  460  420  411  426  436  418  365  293  227  182  157  144  136  136  148  166
  181  185  178  165  152  141  129  115  101   91   84   79   77   81   94  120
  157  203  251  301  353  410  474  546  617  678  721  747  762  774  791  814
  837  854  858  849  834  827  846  893  957 1012 1037 1026  996  967  953  947
  931  891  828  757  692  636  580  519  460
    17.5-180.0 180.0   5.0 450.0                            LAT/LON1/LON2/DLON/H
  459  427  432  460  480  464  405  322  246  194  165  150  142  142  154  172
  188  191  182  166  148  130  112   96   84   79   77   77   78   84  101  130
  170  216  265  315  368  427  493  566  638  698  740  762  772  782  799  827
  859  888  901  895  875  860  869  909  968 1020 1040 1022  984  950  935  932
  920  885  826  757  693  636  578  515  459
    15.0-180.0 180.0   5.0 450.0                            LAT/LON1/LON2/DLON/H
  448  425  441  480  508  495  434  348  270  217  189  173  164  163  172  188
  201  203  193  175  153  130  107   88   77   74   77   80   84   92  112  144
  186  234  282  332  384  442  507  577  647  706  746  768  777  784  800  829
  867  905  927  926  904  881  877  904  952  993 1004  980  937  902  887  887
  879  848  795  732  672  617  560  500  448
    12.5-180.0 180.0   5.0 450.0                            LAT/LON1/LON2/DLON/H
  433  417  439  484  517  506  449  368  296  249  225  211  201  196  200  211
  220  220  208  189  166  140  113   90   79   78   82   87   92  103  125  161
  206  255  303  351  401  454  514  579  644  700  742  767  778  785  798  825
  864  907  938  942  921  890  873  884  915  943  944  915  872  839  829  832
  827  800  751  694  640  590  537  480  433
    10.0-180.0 180.0   5.0 450.0                            LAT/LON1/LON2/DLON/H
  419  405  430  474  506  498  447  378  318  283  267  256  245  235  233  238
  240  236  224  206  183  156  125  100   86   85   90   95  100  113  138  178
  227  277  325  371  416  464  516  572  631  685  730  760  777  786  796  818
  854  898  935  946  928  893  864  857  871  884  877  846  808  784  780  787
  783  757  710  658  609  564  515  462  419
     7.5-180.0 180.0   5.0 450.0                            LAT/LON1/LON2/DLON/H
  407  394  414  452  478  469  427  373  332  312  306  299  286  272  264  261
  257  249  235  219  199  172  140  112   96   93   96  100  105  119  149  193
  246  298  346  389  430  471  514  561  611  663  711  749  774  787  796  810
  840  882  921  939  926  889  851  831  828  829  816  789  762  749  755  765
  761  733  686  635  589  546  499  448  407
     5.0-180.0 180.0   5.0 450.0                            LAT/LON1/LON2/DLON/H
  399  383  395  421  437  426  392  354  331  327  330  327  314  298  285  276
  267  254  240  226  208  183  152  122  103   97   98  100  105  121  155  204
  260  314  361  403  440  474  509  547  590  639  690  736  770  788  796  803
  824  860  900  923  915  880  838  808  793  786  772  753  740  742  758  771
  765  733  682  629  581  537  490  440  399
     2.5-180.0 180.0   5.0 450.0                            LAT/LON1/LON2/DLON/H
  395  375  377  388  390  374  345  322  316  325  335  333  320  303  290  279
  266  250  236  224  210  188  158  127  106   96   94   95  100  118  155  208
  268  323  370  409  443  473  502  533  570  615  667  719  761  786  793  795
  806  835  872  898  895  865  822  787  767  756  746  737  740  758  784  800
  790  752  696  638  585  536  486  436  395
