LR1/IACG1820.23I
     1.0            IONOSPHERE MAPS     GNSS                IONEX VERSION / TYPE
IACGIM V0.1         IAC PNT             04-Jul-23 07:07     PGM / RUN BY / DATE
IAC PNT'S GLOBAL IONOSPHERE MAPS FOR DAY 182, 2023          COMMENT
  2023     7    1      0     0     0                        EPOCH OF FIRST MAP
  2023     7    2      0     0     0                        EPOCH OF LAST MAP
  3600                                                      INTERVAL
    13                                                      # OF MAPS IN FILE
  NONE                                                      MAPPING FUNCTION
    10.0                                                    ELEVATION CUTOFF
  6371.0                                                    BASE RADIUS
     2                                                      MAP DIMENSION
   450.0 450.0   0.0                                        HGT1 / HGT2 / DHGT
    87.5 -87.5  -2.5                                        LAT1 / LAT2 / DLAT
  -180.0 180.0   5.0                                        LON1 / LON2 / DLON
                                                            END OF HEADER
[from data line 429]
     2                                                      START OF TEC MAP
  2023     7    1      2     0     0                        EPOCH OF CURRENT MAP
    87.5-180.0 180.0   5.0 450.0                            LAT/LON1/LON2/DLON/H
  168  168  167  167  167  166  166  165  165  164  164  163  163  163  162  162
  161  161  161  160  160  160  160  160  159  159  159  159  159  159  159  159
  159  159  160  160  160  160  161  161  161  162  162  163  163  164  164  165
  165  165  166  166  167  167  168  168  168  169  169  169  169  169  170  170
  170  170  169  169  169  169  169  168  168
    85.0-180.0 180.0   5.0 450.0                            LAT/LON1/LON2/DLON/H
  171  170  169  169  168  167  166  165  165  164  163  162  161  161  160  159
  158  158  157  156  156  155  155  155  154  154  154  154  154  154  154  154
  154  154  154  154  155  155  156  156  157  157  158  159  160  161  162  163
  164  165  165  166  167  168  169  170  170  171  171  172  172  172  173  173
  173  173  173  172  172  172  172  171  171
    82.5-180.0 180.0   5.0 450.0                            LAT/LON1/LON2/DLON/H
  172  171  171  170  169  168  167  166  165  164  163  162  161  160  159  158
  157  156  155  154  153  152  151  151  150  150  149  149  149  149  148  148
  148  148  148  149  149  149  150  150  151  152  153  154  155  156  158  159
  161  162  163  165  166  167  168  169  170  171  171  172  172  173  173  173
  173  173  174  173  173  173  173  172  172
    80.0-180.0 180.0   5.0 450.0                            LAT/LON1/LON2/DLON/H
  172  172  171  171  170  170  169  168  167  166  165  164  163  162  160  159
  157  156  154  153  151  150  149  148  147  146  145  145  144  144  144  144
  143  143  143  143  143  144  144  144  145  146  147  149  150  152  154  156
  157  159  161  162  164  165  166  167  167  168  168  169  169  170  170  170
  171  171  171  172  172  172  172  172  172
    77.5-180.0 180.0   5.0 450.0                            LAT/LON1/LON2/DLON/H
  170  171  171  171  171  171  171  170  170  169  169  168  167  166  164  163
  161  159  156  154  152  149  147  146  144  143  142  141  140  140  140  140
  139  139  139  139  139  139  140  140  141  142  144  146  147  149  151  154
  156  157  159  160  161  162  163  163  163  163  163  163  163  163  164  164
  165  165  166  167  168  169  169  170  170
    75.0-180.0 180.0   5.0 450.0                            LAT/LON1/LON2/DLON/H
  167  168  169  170  171  172  172  172  173  173  173  173  172  171  170  168
  166  163  160  157  153  150  147  144  142  140  138  137  137  136  136  136
  136  137  137  137  137  138  138  139  140  142  144  146  148  150  152  154
  156  158  159  160  160  160  160  159  158  157  156  156  155  155  155  156
  157  158  159  160  162  163  164  166  167
    72.5-180.0 180.0   5.0 450.0                            LAT/LON1/LON2/DLON/H
  162  164  166  168  169  170  172  173  174  175  176  176  177  177  176  174
  172  168  164  160  156  151  147  143  140  137  135  134  134  134  134  134
  135  135  136  137  138  139  140  141  143  145  147  150  152  155  157  159
  160  161  162  162  161  160  158  156  154  152  150  149  147  147  147  147
  148  149  151  152  154  156  158  160  162
    70.0-180.0 180.0   5.0 450.0                            LAT/LON1/LON2/DLON/H
  157  159  162  164  166  167  169  170  172  174  176  178  179  180  180  179
  177  173  169  164  158  153  147  143  139  136  134  132  132  132  132  133
  134  135  137  138  140  142  144  146  149  151  154  157  160  163  165  167
  167  168  167  165  164  161  158  155  152  148  145  143  141  140  140  140
  141  142  144  145  147  149  152  154  157
    67.5-180.0 180.0   5.0 450.0                            LAT/LON1/LON2/DLON/H
  152  155  157  159  161  163  164  166  168  170  173  176  179  181  182  181
  180  176  172  167  161  155  149  144  139  136  134  132  132  132  132  133
  134  136  138  140  143  146  149  152  155  159  163  166  170  173  175  176
  176  175  173  171  168  164  160  156  152  148  144  140  138  137  136  136
  137  138  139  141  142  144  147  149  152
    65.0-180.0 180.0   5.0 450.0                            LAT/LON1/LON2/DLON/H
  149  152  154  156  157  158  158  159  161  164  167  171  175  178  180  181
  180  177  174  169  163  157  152  147  142  139  137  135  134  134  134  134
  135  136  138  141  144  148  152  156  161  165  170  175  179  183  185  186
  185  183  180  176  172  168  164  159  154  150  145  142  139  137  137  137
  138  138  139  140  141  143  144  147  149
    62.5-180.0 180.0   5.0 450.0                            LAT/LON1/LON2/DLON/H
  151  153  155  156  156  155  154  154  154  156  160  164  169  173  177  178
  178  177  174  170  166  161  156  152  148  144  142  140  138  137  136  135
  134  135  136  139  142  147  151  156  162  167  173  180  185  190  192  193
  192  189  185  181  177  173  168  164  159  154  150  146  143  142  142  142
  143  143  144  144  144  145  146  149  151
    60.0-180.0 180.0   5.0 450.0                            LAT/LON1/LON2/DLON/H
  157  159  159  159  158  155  153  151  150  151  154  158  164  168  172  175
  175  175  173  171  168  165  162  158  155  152  149  147  144  141  138  135
  132  131  131  133  136  141  146  151  157  164  171  179  187  193  197  198
  197  194  190  185  181  177  173  169  165  160  156  152  150  149  150  151
  151  152  152  152  152  152  153  155  157
    57.5-180.0 180.0   5.0 450.0                            LAT/LON1/LON2/DLON/H
  167  168  168  167  164  160  156  152  150  149  151  155  160  165  169  172
  173  173  173  172  171  170  168  166  163  160  157  154  150  145  140  134
  129  125  124  124  127  130  135  140  146  154  163  173  183  192  197  200
  199  196  192  188  185  182  179  175  171  167  163  160  159  158  159  161
  163  163  164  163  163  163  164  165  167
    55.0-180.0 180.0   5.0 450.0                            LAT/LON1/LON2/DLON/H
  181  181  180  177  173  168  163  158  154  152  153  156  160  165  168  171
  172  173  173  174  175  175  175  174  171  168  164  160  155  149  141  133
  125  119  115  114  115  117  120  125  131  139  150  163  176  187  195  200
  201  199  195  192  189  187  185  182  179  175  171  168  167  168  170  172
  174  176  176  176  176  177  178  179  181
    52.5-180.0 180.0   5.0 450.0                            LAT/LON1/LON2/DLON/H
  195  194  192  188  184  179  173  167  162  159  159  161  164  168  171  173
  174  175  176  177  179  181  181  180  178  174  169  164  158  151  142  132
  122  113  107  104  103  104  106  109  114  123  135  150  166  181  192  199
  202  202  200  198  196  195  194  191  187  183  179  177  176  177  180  183
  185  188  189  190  190  191  193  194  195
    50.0-180.0 180.0   5.0 450.0                            LAT/LON1/LON2/DLON/H
  208  206  202  198  193  189  184  178  173  169  167  168  171  174  177  178
  179  179  180  182  184  185  186  184  181  177  172  166  159  152  143  132
  121  111  103   98   96   94   94   95   99  107  120  138  157  175  189  199
  205  207  207  207  206  206  205  202  198  193  188  186  185  187  189  193
  196  199  201  203  204  206  208  209  208
    47.5-180.0 180.0   5.0 450.0                            LAT/LON1/LON2/DLON/H
  220  215  209  203  199  196  193  189  183  178  175  176  178  182  184  185
  186  186  187  188  189  189  189  187  183  178  171  165  159  153  145  135
  124  114  105   99   94   91   87   86   88   96  109  128  149  170  188  201
  210  215  217  219  220  221  219  216  210  204  200  197  196  198  200  203
  207  210  213  216  218  220  222  222  220
    45.0-180.0 180.0   5.0 450.0                            LAT/LON1/LON2/DLON/H
  229  221  212  205  201  201  200  197  192  186  182  182  185  189  192  193
  194  194  194  194  194  193  191  188  183  177  171  165  159  155  149  141
  132  122  113  106  100   95   89   84   84   90  103  122  145  167  188  204
  216  225  230  234  237  238  237  232  226  219  214  211  210  211  213  216
  219  223  226  230  233  235  236  234  229
    42.5-180.0 180.0   5.0 450.0                            LAT/LON1/LON2/DLON/H
  238  225  213  204  201  203  205  203  198  191  187  187  191  196  199  200
  201  202  202  201  199  196  193  189  184  178  172  166  162  159  156  151
  144  136  128  120  114  106   97   90   87   91  102  120  143  166  188  207
  223  235  245  251  256  258  256  251  244  237  232  229  228  229  230  231
  234  238  242  246  249  251  251  247  238
    40.0-180.0 180.0   5.0 450.0                            LAT/LON1/LON2/DLON/H
  249  232  215  205  202  206  210  209  204  196  192  193  198  203  206  207
  207  209  209  208  205  200  195  192  188  183  177  172  168  167  166  164
  160  153  146  139  131  122  111  101   95   96  105  121  142  165  188  210
  229  245  258  267  273  277  276  271  264  257  253  251  251  250  250  251
  254  258  263  266  269  270  268  261  249
    37.5-180.0 180.0   5.0 450.0                            LAT/LON1/LON2/DLON/H
  265  244  224  211  209  214  219  219  212  204  201  203  208  213  214  213
  213  214  216  215  211  206  201  199  197  195  189  184  179  179  180  180
  177  171  165  158  151  141  128  116  106  104  110  123  141  162  185  209
  231  251  267  279  287  292  292  289  283  278  275  275  275  275  274  275
  278  283  287  291  292  292  289  281  265
    35.0-180.0 180.0   5.0 450.0                            LAT/LON1/LON2/DLON/H
  288  265  242  227  225  230  236  235  227  219  217  221  227  229  226  220
  217  219  222  223  219  214  210  211  213  213  209  202  196  194  194  194
  192  187  180  174  167  157  144  130  118  113  116  125  139  158  180  204
  229  252  271  285  295  301  304  303  300  298  297  299  300  300  300  301
  305  311  316  319  319  318  315  306  288
    32.5-180.0 180.0   5.0 450.0                            LAT/LON1/LON2/DLON/H
  319  295  270  255  252  258  263  260  252  245  245  251  257  256  245  231
  223  223  227  231  229  225  223  227  234  237  234  225  216  210  207  206
  202  196  189  183  178  169  156  142  128  120  119  125  135  151  171  196
  223  248  268  284  295  304  309  311  312  313  316  320  323  324  324  327
  332  340  347  349  349  347  344  336  319
    30.0-180.0 180.0   5.0 450.0                            LAT/LON1/LON2/DLON/H
  356  333  309  294  291  296  300  296  288  282  286  295  301  293  272  247
  231  228  234  240  241  239  240  247  258  265  263  251  236  224  217  212
  206  198  190  185  180  174  164  150  135  125  121  123  130  142  161  185
  213  239  261  277  289  299  307  313  318  323  330  336  341  344  346  350
  359  369  377  379  378  377  376  370  356
    27.5-180.0 180.0   5.0 450.0                            LAT/LON1/LON2/DLON/H
  395  376  354  340  338  344  346  341  333  331  339  351  355  340  307  269
  242  235  241  250  255  255  258  268  283  293  289  274  253  234  221  211
  201  191  182  177  176  173  166  153  140  128  122  121  124  133  149  173
  200  227  249  266  278  289  300  310  319  328  338  347  354  359  363  370
  382  395  404  406  405  405  406  405  395
    25.0-180.0 180.0   5.0 450.0                            LAT/LON1/LON2/DLON/H
  433  418  401  390  389  394  396  391  384  385  398  413  415  392  346  295
  257  244  250  262  270  272  276  288  304  314  310  290  262  236  217  203
  190  178  168  164  165  166  163  154  142  130  122  119  119  125  139  160
  187  214  236  253  265  277  290  304  317  329  342  353  362  369  375  386
  401  416  426  429  428  429  434  437  433
    22.5-180.0 180.0   5.0 450.0                            LAT/LON1/LON2/DLON/H
  465  456  443  436  437  443  445  441  436  440  456  473  473  442  386  322
  275  256  261  275  285  288  291  302  317  326  320  295  261  229  205  188
  174  160  150  147  151  156  158  153  142  131  123  118  116  119  129  149
  175  202  224  241  254  266  281  297  314  329  344  357  368  376  385  398
  416  434  445  448  447  449  457  465  465
    20.0-180.0 180.0   5.0 450.0                            LAT/LON1/LON2/DLON/H
  490  486  478  475  479  486  489  485  483  489  506  522  518  483  420  349
  294  270  273  288  298  301  301  308  319  326  316  288  250  214  187  169
  155  141  132  130  136  145  151  150  142  132  124  118  114  114  121  138
  164  191  215  232  246  259  276  294  313  330  347  362  374  384  396  411
  430  449  460  463  463  466  475  486  490
    17.5-180.0 180.0   5.0 450.0                            LAT/LON1/LON2/DLON/H
  509  508  504  504  511  520  525  523  522  528  541  553  545  507  443  371
  313  286  286  298  308  308  304  304  309  311  299  268  228  190  164  148
  136  125  116  115  123  134  144  146  141  133  125  118  112  110  114  129
  153  182  209  229  244  258  275  295  316  335  353  369  383  396  409  426
  446  464  475  478  478  482  491  503  509
    15.0-180.0 180.0   5.0 450.0                            LAT/LON1/LON2/DLON/H
  523  523  522  526  536  547  553  554  552  554  559  561  548  511  452  385
  330  300  296  305  311  307  297  290  288  284  269  238  198  162  139  127
  120  112  106  105  112  125  136  140  137  131  124  117  110  105  106  119
  144  175  205  229  247  263  281  302  324  345  365  382  398  412  427  445
  464  481  492  495  495  499  507  517  523
    12.5-180.0 180.0   5.0 450.0                            LAT/LON1/LON2/DLON/H
  536  536  537  545  557  570  579  580  576  570  561  549  528  494  447  392
  344  313  303  306  307  298  282  266  256  248  231  202  165  133  114  108
  107  105  100   99  104  115  126  132  131  126  120  113  105   98   97  109
  134  169  204  232  253  272  291  313  337  359  380  399  417  434  451  469
  487  502  512  515  516  519  526  532  536
    10.0-180.0 180.0   5.0 450.0                            LAT/LON1/LON2/DLON/H
  551  551  554  564  579  594  605  607  599  581  554  523  493  463  431  393
  355  324  306  300  295  281  259  236  219  206  190  164  133  106   94   94
   99  101   99   96   98  106  115  120  121  118  113  106   97   88   86   97
  123  162  202  235  261  281  302  326  350  374  397  418  439  458  477  495
  512  526  535  539  541  544  548  551  551
     7.5-180.0 180.0   5.0 450.0                            LAT/LON1/LON2/DLON/H
  570  570  576  588  605  622  635  639  626  594  545  493  451  425  410  391
  363  331  304  287  274  256  230  202  181  166  151  131  106   85   78   84
   95  101  100   95   93   96  101  105  107  105  101   95   86   76   73   84
  112  153  198  236  265  289  311  336  362  387  411  435  458  481  502  521
  537  549  558  564  568  572  573  572  570
     5.0-180.0 180.0   5.0 450.0                            LAT/LON1/LON2/DLON/H
  592  593  602  617  636  655  671  676  659  614  543  469  414  391  391  389
  370  334  297  268  248  226  198  169  145  131  120  105   87   72   70   79
   92  101  100   94   88   85   86   89   90   89   87   81   73   63   60   72
  101  144  191  233  265  291  315  340  367  393  419  445  471  497  521  541
  556  568  578  586  593  597  598  595  592
     2.5-180.0 180.0   5.0 450.0                            LAT/LON1/LON2/DLON/H
  612  617  630  649  669  690  709  717  699  642  554  459  392  370  380  390
  376  335  286  245  218  195  168  140  117  105   98   90   78   68   67   77
   91  100  100   92   82   75   71   71   72   73   72   67   59   51   49   61
   90  133  181  224  258  286  311  337  363  390  416  444  473  502  528  550
  566  578  588  599  608  614  616  613  612
