LR1/IACG0010.25I
     1.0            IONOSPHERE MAPS     GNSS                IONEX VERSION / TYPE
IACGIM V0.1         IAC PNT             04-Jan-25 07:28     PGM / RUN BY / DATE
IAC PNT'S GLOBAL IONOSPHERE MAPS FOR DAY 001, 2025          COMMENT
  2025     1    1      0     0     0                        EPOCH OF FIRST MAP
  2025     1    2      0     0     0                        EPOCH OF LAST MAP
  3600                                                      INTERVAL
    13                                                      # OF MAPS IN FILE
  NONE                                                      MAPPING FUNCTION
    10.0                                                    ELEVATION CUTOFF
  6371.0                                                    BASE RADIUS
     2                                                      MAP DIMENSION
   450.0 450.0   0.0                                        HGT1 / HGT2 / DHGT
    87.5 -87.5  -2.5                                        LAT1 / LAT2 / DLAT
  -180.0 180.0   5.0                                        LON1 / LON2 / DLON
                                                            END OF HEADER
[from data line 4290]
    11                                                      START OF TEC MAP
  2025     1    1      20    0     0                        EPOCH OF CURRENT MAP
    87.5-180.0 180.0   5.0 450.0                            LAT/LON1/LON2/DLON/H
  118  119  121  121  122  122  122  122  121  120  119  118  116  114  112  109
  107  104  101   98   95   91   88   85   81   78   75   71   68   65   62   59
   56   54   51   49   47   46   44   43   43   42   42   42   43   44   45   47
   48   50   53   55   58   61   64   67   71   74   78   81   85   88   92   95
   98  101  104  107  110  112  114  116  118
    85.0-180.0 180.0   5.0 450.0                            LAT/LON1/LON2/DLON/H
  148  151  153  154  156  156  156  155  154  152  150  147  144  140  136  131
  127  122  116  111  106  100   95   89   84   78   72   67   61   56   51   46
   41   36   31   27   24   20   18   15   14   13   13   13   14   16   18   21
   24   28   33   37   43   48   54   60   66   72   78   84   91   96  102  108
  113  119  124  128  133  137  141  145  148
    82.5-180.0 180.0   5.0 450.0                            LAT/LON1/LON2/DLON/H
  164  168  171  174  175  176  177  176  174  172  168  164  160  154  149  142
  136  130  123  117  111  105   99   93   87   81   75   69   63   57   51   44
   38   32   26   20   15   11    7    3    1    0    0    0    0    2    5    9
   14   19   25   32   39   46   53   61   69   76   83   91   97  104  110  117
  123  128  134  140  145  150  155  160  164
    80.0-180.0 180.0   5.0 450.0                            LAT/LON1/LON2/DLON/H
  164  169  173  176  179  181  181  180  179  176  172  167  161  155  148  141
  134  127  121  114  108  103   98   94   89   85   81   77   72   67   61   55
   48   41   35   28   22   17   12    8    5    3    3    3    4    6    9   13
   18   24   31   38   45   53   62   70   77   85   91   98  103  109  114  119
  123  128  133  138  143  148  154  159  164
    77.5-180.0 180.0   5.0 450.0                            LAT/LON1/LON2/DLON/H
  150  155  160  164  167  170  171  170  169  166  162  157  152  145  138  131
  124  117  110  105  100   96   93   91   90   89   88   86   84   81   77   72
   66   60   53   46   40   35   30   27   24   23   22   22   23   25   27   31
   35   40   46   53   60   67   75   82   89   95  100  104  107  109  111  113
  115  118  121  124  128  133  138  144  150
    75.0-180.0 180.0   5.0 450.0                            LAT/LON1/LON2/DLON/H
  127  132  138  142  146  149  150  151  150  148  146  142  137  131  125  118
  111  105   99   94   89   87   85   85   87   89   92   94   95   95   94   90
   86   80   74   68   62   58   55   52   51   51   51   52   52   53   54   56
   58   61   66   71   77   83   89   95  100  103  106  107  106  105  104  102
  101  100  101  103  106  110  115  121  127
    72.5-180.0 180.0   5.0 450.0                            LAT/LON1/LON2/DLON/H
  103  108  113  118  121  124  126  128  129  129  129  127  125  121  117  112
  106  100   94   88   83   80   78   78   81   85   91   96  101  104  105  104
  101   96   90   85   81   78   77   77   79   81   82   83   84   83   82   82
   81   82   84   87   91   95  100  104  107  108  108  106  102   98   93   88
   84   81   80   81   84   87   92   98  103
    70.0-180.0 180.0   5.0 450.0                            LAT/LON1/LON2/DLON/H
   86   90   94   97  100  103  106  109  112  115  118  120  122  122  121  119
  115  109  102   95   87   80   75   73   74   77   84   91   99  105  109  109
  107  103   98   93   90   90   91   95  100  104  108  110  110  108  105  102
   99   97   96   97   99  101  104  107  108  108  105  101   95   88   80   74
   68   65   63   64   67   71   76   81   86
    67.5-180.0 180.0   5.0 450.0                            LAT/LON1/LON2/DLON/H
   79   82   84   86   87   90   93   98  103  110  117  124  131  136  140  142
  141  136  128  118  105   92   80   72   67   68   72   80   89   98  104  106
  105  101   96   92   90   91   95  102  109  117  122  125  125  123  118  113
  107  103  100   99   99  101  103  104  104  103   99   93   86   78   70   63
   57   55   54   56   60   65   71   76   79
    65.0-180.0 180.0   5.0 450.0                            LAT/LON1/LON2/DLON/H
   84   85   85   84   84   86   90   96  105  115  126  138  150  162  171  178
  181  178  170  156  138  117   96   78   65   59   59   65   75   85   93   97
   96   92   87   82   80   82   88   97  107  116  124  127  127  124  119  113
  106  101   97   95   94   95   96   97   97   95   91   85   78   70   62   56
   52   51   53   57   63   70   76   81   84
    62.5-180.0 180.0   5.0 450.0                            LAT/LON1/LON2/DLON/H
   96   95   93   91   90   91   95  103  114  127  142  158  175  191  207  219
  226  227  220  205  182  154  123   94   71   55   49   51   59   70   79   85
   86   82   76   70   67   68   74   84   95  106  113  118  118  115  110  104
   98   93   89   87   86   87   88   89   89   87   83   78   71   64   58   54
   52   54   58   64   72   81   88   93   96
    60.0-180.0 180.0   5.0 450.0                            LAT/LON1/LON2/DLON/H
  109  108  106  102  100  101  106  114  126  141  158  176  195  216  236  254
  267  274  270  256  232  198  160  121   87   61   45   42   47   57   67   75
   76   73   66   59   55   55   60   68   79   89   96  100  100   98   94   90
   85   82   79   78   78   79   81   82   82   80   77   71   65   60   56   54
   55   59   65   73   82   92  100  106  109
    57.5-180.0 180.0   5.0 450.0                            LAT/LON1/LON2/DLON/H
  119  119  117  114  112  113  118  127  138  152  168  185  205  227  250  274
  293  307  310  302  280  247  205  159  115   79   54   42   42   49   60   68
   71   68   61   53   47   45   48   55   63   71   77   80   80   79   77   75
   73   72   71   71   72   73   75   76   76   74   71   66   61   57   55   55
   57   62   69   78   87   98  107  115  119
    55.0-180.0 180.0   5.0 450.0                            LAT/LON1/LON2/DLON/H
  122  125  125  124  123  125  129  137  146  157  169  183  200  221  246  273
  299  320  333  334  321  294  254  207  157  111   75   54   46   49   57   65
   68   66   60   52   45   42   43   46   52   57   60   62   63   62   62   62
   63   64   65   66   67   68   70   71   71   68   64   59   55   52   52   54
   57   62   68   76   85   95  106  115  122
    52.5-180.0 180.0   5.0 450.0                            LAT/LON1/LON2/DLON/H
  119  126  130  132  133  135  139  144  150  156  163  171  184  202  226  254
  285  314  337  351  351  336  305  262  210  157  111   78   60   55   59   64
   67   66   60   53   47   43   43   44   46   49   50   51   51   52   53   55
   58   60   62   63   63   64   65   65   64   61   56   51   47   46   48   51
   55   59   62   67   74   84   96  108  119
    50.0-180.0 180.0   5.0 450.0                            LAT/LON1/LON2/DLON/H
  113  126  135  141  144  147  149  152  153  154  155  157  165  179  200  227
  260  295  328  356  372  373  356  321  271  214  159  114   84   69   65   65
   66   64   60   55   51   48   47   46   47   47   47   47   47   48   50   53
   56   59   61   61   61   61   60   59   56   51   45   40   37   38   42   46
   50   53   54   55   60   68   81   97  113
    47.5-180.0 180.0   5.0 450.0                            LAT/LON1/LON2/DLON/H
  109  129  144  155  161  164  165  165  162  158  154  153  156  166  184  209
  240  277  317  355  387  405  405  382  338  279  216  160  117   90   76   70
   65   61   58   55   54   53   53   52   51   51   51   50   50   51   53   55
   59   61   62   62   60   58   55   51   46   39   32   28   27   30   36   42
   47   48   46   45   46   54   68   88  109
    45.0-180.0 180.0   5.0 450.0                            LAT/LON1/LON2/DLON/H
  114  141  163  178  187  191  192  189  184  178  172  170  172  180  194  214
  241  275  316  360  403  436  451  441  405  347  279  213  160  122   98   82
   70   62   57   56   57   59   60   59   58   58   58   58   58   58   59   62
   65   67   67   66   63   58   53   46   38   29   21   18   19   26   35   43
   47   47   44   40   40   48   64   87  114
    42.5-180.0 180.0   5.0 450.0                            LAT/LON1/LON2/DLON/H
  131  164  193  214  227  234  234  232  227  221  218  218  223  232  243  256
  275  301  336  379  426  467  494  496  468  414  344  274  213  168  135  110
   89   74   65   63   65   68   69   68   67   67   68   69   69   68   69   71
   74   77   78   76   72   66   57   47   35   24   17   15   20   30   41   51
   55   54   50   45   45   53   71   98  131
    40.0-180.0 180.0   5.0 450.0                            LAT/LON1/LON2/DLON/H
  160  200  237  264  283  292  296  296  294  293  296  303  314  325  333  339
  347  360  383  418  460  503  535  544  523  475  409  341  281  233  196  163
  132  107   91   85   85   86   85   82   79   78   80   81   81   81   81   84
   89   93   96   95   91   83   72   58   44   31   24   25   33   45   58   67
   71   69   64   60   61   71   91  122  160
    37.5-180.0 180.0   5.0 450.0                            LAT/LON1/LON2/DLON/H
  200  247  291  327  352  367  376  381  385  391  403  420  439  454  460  458
  452  450  458  478  508  544  573  585  570  530  473  413  362  321  284  246
  207  170  144  130  124  120  113  104   97   94   94   95   95   95   97  102
  110  118  124  126  123  114  101   84   66   53   47   51   62   76   87   93
   93   89   85   83   87  100  123  157  200
    35.0-180.0 180.0   5.0 450.0                            LAT/LON1/LON2/DLON/H
  245  299  352  397  431  454  470  483  495  510  531  557  584  602  607  597
  579  561  551  553  567  588  609  619  609  578  534  492  457  430  401  363
  315  266  228  203  187  172  155  137  123  115  114  114  114  114  117  126
  138  152  163  168  166  157  142  123  105   91   88   94  107  119  126  126
  120  113  109  110  119  135  160  197  245
    32.5-180.0 180.0   5.0 450.0                            LAT/LON1/LON2/DLON/H
  291  353  415  470  513  546  572  594  615  637  664  697  729  750  752  736
  707  676  652  636  631  636  644  649  642  621  594  573  562  556  540  504
  450  391  340  302  273  245  214  183  159  146  141  139  139  139  144  157
  175  194  209  217  218  209  194  174  155  144  143  152  164  172  172  162
  147  135  131  137  150  171  199  239  291
    30.0-180.0 180.0   5.0 450.0                            LAT/LON1/LON2/DLON/H
  335  404  475  540  594  637  672  703  731  757  787  821  854  874  874  852
  817  779  745  716  695  683  679  678  672  662  653  654  669  686  685  655
  599  531  468  418  376  333  286  241  207  186  177  174  172  172  179  194
  216  239  258  268  270  263  249  230  213  204  206  216  227  228  217  196
  171  153  149  159  178  204  236  278  335
    27.5-180.0 180.0   5.0 450.0                            LAT/LON1/LON2/DLON/H
  375  450  530  603  665  716  761  799  831  857  883  913  941  958  954  931
  894  856  819  785  754  729  714  707  704  702  708  730  768  805  819  796
  739  666  596  537  483  426  364  306  262  236  224  218  215  214  220  237
  260  283  302  313  316  310  298  282  268  263  267  278  285  278  256  222
  188  165  162  176  202  233  268  314  375
    25.0-180.0 180.0   5.0 450.0                            LAT/LON1/LON2/DLON/H
  412  492  577  656  722  778  829  872  905  926  943  962  981  993  987  964
  932  900  869  837  803  772  750  740  738  742  759  795  847  898  922  904
  848  775  704  641  580  513  440  372  321  291  278  271  266  262  266  279
  299  320  335  344  347  343  334  322  312  310  317  326  328  314  282  238
  196  171  169  189  221  257  297  346  412
    22.5-180.0 180.0   5.0 450.0                            LAT/LON1/LON2/DLON/H
  446  530  616  695  761  818  871  917  947  959  962  967  976  982  976  958
  934  914  895  871  841  810  788  777  777  783  803  842  898  952  978  962
  909  840  774  715  654  583  504  431  377  348  336  329  322  314  311  317
  330  343  352  357  358  356  351  343  338  339  346  353  350  329  289  240
  196  172  173  199  238  281  325  378  446
    20.0-180.0 180.0   5.0 450.0                            LAT/LON1/LON2/DLON/H
  480  563  647  719  779  833  885  930  956  958  946  936  935  938  934  923
  912  906  902  892  870  844  825  817  817  822  837  869  916  961  980  961
  912  853  799  751  697  628  550  478  427  402  393  388  378  364  352  347
  347  350  350  350  349  349  347  344  342  344  350  354  346  320  278  230
  190  170  177  210  256  305  354  410  480
    17.5-180.0 180.0   5.0 450.0                            LAT/LON1/LON2/DLON/H
  512  591  667  728  777  823  871  914  936  929  905  882  875  878  880  880
  881  890  901  904  892  874  860  856  856  856  860  875  903  929  933  907
  862  816  780  749  708  649  577  512  468  450  446  443  429  407  383  364
  350  340  332  325  323  325  326  326  325  327  331  330  317  290  251  210
  178  167  183  223  275  330  384  442  512
    15.0-180.0 180.0   5.0 450.0                            LAT/LON1/LON2/DLON/H
  540  611  675  722  755  790  834  877  897  884  851  823  814  822  834  844
  858  878  900  913  910  899  891  890  889  882  871  865  868  868  852  817
  775  744  730  720  696  650  589  534  500  490  491  489  471  440  403  368
  340  318  301  291  288  291  294  295  295  294  293  287  271  244  212  182
  164  166  191  237  295  355  412  472  540
    12.5-180.0 180.0   5.0 450.0                            LAT/LON1/LON2/DLON/H
  558  620  669  698  716  741  781  824  846  834  801  772  768  785  809  830
  852  879  907  924  926  919  915  916  912  897  871  844  821  795  759  714
  677  661  668  679  673  642  594  550  525  522  527  524  502  461  410  361
  321  289  267  255  252  256  260  261  258  254  247  235  216  192  168  153
  151  165  198  250  312  376  436  495  558
    10.0-180.0 180.0   5.0 450.0                            LAT/LON1/LON2/DLON/H
  563  613  647  660  663  679  718  766  795  790  762  741  747  776  811  841
  867  895  922  938  940  933  930  930  923  901  864  821  778  731  678  626
  593  592  616  645  654  635  599  565  548  548  554  548  519  469  407  347
  297  260  237  225  224  228  232  231  225  216  204  187  165  143  128  126
  138  164  204  259  323  388  449  507  563
     7.5-180.0 180.0   5.0 450.0                            LAT/LON1/LON2/DLON/H
  550  588  608  607  601  612  653  708  749  756  741  733  751  792  837  872
  899  923  944  954  951  941  935  932  922  896  854  804  750  692  629  575
  546  555  591  630  649  639  612  585  571  570  572  560  525  466  396  329
  275  237  216  207  208  212  215  211  202  189  173  151  127  106   97  105
  128  162  206  261  324  389  448  501  550
     5.0-180.0 180.0   5.0 450.0                            LAT/LON1/LON2/DLON/H
  518  546  555  546  534  546  591  657  711  735  736  743  774  826  876  913
  936  953  966  969  959  944  932  924  912  885  845  797  745  686  623  570
  546  559  599  641  661  655  632  609  594  588  581  562  520  456  382  312
  258  224  208  203  206  210  211  205  194  178  160  136  109   87   80   92
  120  157  202  255  315  376  431  479  518
     2.5-180.0 180.0   5.0 450.0                            LAT/LON1/LON2/DLON/H
  471  490  493  480  469  485  538  614  682  722  740  762  805  863  915  949
  966  977  982  979  963  942  925  911  896  872  840  803  762  712  657  609
  588  601  636  671  686  679  657  633  614  600  583  555  507  441  366  299
  250  222  211  211  215  219  219  211  199  184  166  141  112   86   76   87
  114  150  192  241  295  351  400  440  471
