LR1/IACG0010.21I
     1.0            IONOSPHERE MAPS     GNSS                IONEX VERSION / TYPE
IACGIM V0.1         IAC PNT             20-Jul-22 16:03     PGM / RUN BY / DATE
IAC PNT'S GLOBAL IONOSPHERE MAPS FOR DAY 001, 2021          COMMENT
  2021     1    1      0     0     0                        EPOCH OF FIRST MAP
  2021     1    2      0     0     0                        EPOCH OF LAST MAP
  3600                                                      INTERVAL
    13                                                      # OF MAPS IN FILE
  NONE                                                      MAPPING FUNCTION
    10.0                                                    ELEVATION CUTOFF
  6371.0                                                    BASE RADIUS
     2                                                      MAP DIMENSION
   450.0 450.0   0.0                                        HGT1 / HGT2 / DHGT
    87.5 -87.5  -2.5                                        LAT1 / LAT2 / DLAT
  -180.0 180.0   5.0                                        LON1 / LON2 / DLON
                                                            END OF HEADER
[from data line 858]
     3                                                      START OF TEC MAP
  2021     1    1      4     0     0                        EPOCH OF CURRENT MAP
    87.5-180.0 180.0   5.0 450.0                            LAT/LON1/LON2/DLON/H
    0    0    0    0    0    0    0    0    0    0    0    0    0    0    0    0
    0    0    0    0    0    0    0    0    0    0    0    0    0    0    0    0
    0    0    0    0    0    0    0    0    0    0    0    0    0    0    0    0
    0    0    0    0    0    0    0    0    0    0    0    0    0    0    0    0
    0    0    0    0    0    0    0    0    0
    85.0-180.0 180.0   5.0 450.0                            LAT/LON1/LON2/DLON/H
    0    0    0    0    0    0    0    0    0    0    0    0    0    0    0    0
    0    0    0    0    0    0    0    0    0    0    0    0    0    0    0    0
    0    0    0    0    0    0    0    0    0    0    0    0    0    0    0    0
    0    0    0    0    0    0    0    0    0    0    0    0    0    0    0    0
    0    0    0    0    0    0    0    0    0
    82.5-180.0 180.0   5.0 450.0                            LAT/LON1/LON2/DLON/H
    2    2    2    2    2    2    2    2    2    1    1    1    1    0    0    0
    0    0    0    0    0    0    0    0    0    0    0    0    0    0    0    0
    0    0    0    0    0    0    0    0    0    0    0    0    0    0    0    0
    0    0    1    1    1    1    2    2    2    2    2    2    2    2    2    3
    3    3    3    3    3    3    3    3    2
    80.0-180.0 180.0   5.0 450.0                            LAT/LON1/LON2/DLON/H
    6    5    5    5    5    5    5    5    4    4    4    3    3    2    2    1
    0    0    0    0    0    0    0    0    0    0    0    0    0    0    0    0
    0    0    0    0    0    0    0    0    0    0    0    0    0    0    1    1
    2    3    3    4    4    5    5    5    6    6    6    6    6    6    6    6
    6    6    6    6    6    6    6    6    6
    77.5-180.0 180.0   5.0 450.0                            LAT/LON1/LON2/DLON/H
    8    8    7    7    7    7    6    6    6    6    5    5    4    4    3    2
    1    0    0    0    0    0    0    0    0    0    0    0    0    0    0    0
    0    0    0    0    0    0    0    0    0    0    0    0    0    0    1    2
    3    4    6    6    7    8    8    9    9    9    9   10   10   10   10   10
   10   10   10   10    9    9    9    8    8
    75.0-180.0 180.0   5.0 450.0                            LAT/LON1/LON2/DLON/H
    9    9    8    8    7    7    7    6    6    6    5    5    5    4    4    3
    2    1    0    0    0    0    0    0    0    0    0    0    0    0    0    0
    0    0    0    0    0    0    0    0    0    0    0    0    0    0    0    2
    4    5    7    8    9   10   10   11   11   11   12   12   13   13   14   14
   14   14   14   13   12   12   11   10    9
    72.5-180.0 180.0   5.0 450.0                            LAT/LON1/LON2/DLON/H
   10    9    8    7    7    6    5    5    5    4    4    4    4    4    4    3
    2    1    0    0    0    0    0    0    0    0    0    0    0    0    0    0
    0    0    0    0    0    0    0    0    0    0    0    0    0    0    0    0
    3    5    6    8    9   10   11   11   12   13   14   15   16   17   18   19
   19   19   18   17   16   14   13   12   10
    70.0-180.0 180.0   5.0 450.0                            LAT/LON1/LON2/DLON/H
   11   10    8    7    5    4    3    3    2    2    2    2    3    3    3    3
    3    2    1    0    0    0    0    0    0    0    0    0    0    0    0    0
    0    0    0    0    0    0    0    0    0    0    0    0    0    0    0    0
    1    3    5    7    8    9   10   11   12   14   15   17   20   22   23   24
   25   24   23   22   20   17   15   13   11
    67.5-180.0 180.0   5.0 450.0                            LAT/LON1/LON2/DLON/H
   13   10    8    6    4    3    1    0    0    0    0    0    1    1    2    3
    3    2    1    0    0    0    0    0    0    0    0    0    0    0    0    0
    0    0    0    0    0    0    0    0    0    0    0    0    0    0    0    0
    0    1    3    5    7    9   10   11   13   15   18   22   25   28   31   32
   33   32   30   28   25   21   18   16   13
    65.0-180.0 180.0   5.0 450.0                            LAT/LON1/LON2/DLON/H
   16   13   10    7    5    2    0    0    0    0    0    0    0    0    1    2
    2    2    2    1    0    0    0    0    0    0    0    0    0    0    0    0
    0    0    0    0    0    0    0    0    0    0    0    0    0    0    0    0
    0    0    3    5    7    9   11   14   16   19   23   28   33   37   41   43
   43   42   39   35   31   27   23   19   16
    62.5-180.0 180.0   5.0 450.0                            LAT/LON1/LON2/DLON/H
   21   17   13   10    7    3    1    0    0    0    0    0    0    0    0    1
    2    2    2    1    0    0    0    0    0    0    0    0    0    0    0    0
    0    0    0    0    0    0    0    0    0    0    0    0    0    0    0    0
    0    1    4    7   10   13   16   19   22   27   32   37   43   49   53   55
   55   53   49   44   39   33   29   25   21
    60.0-180.0 180.0   5.0 450.0                            LAT/LON1/LON2/DLON/H
   27   23   18   14   10    7    3    1    0    0    0    0    0    0    0    1
    1    2    1    0    0    0    0    0    0    0    0    0    0    0    0    0
    0    0    0    0    0    0    0    0    0    0    0    0    0    0    0    0
    1    4    8   12   17   21   24   28   32   37   43   49   55   61   65   67
   66   63   58   52   46   40   35   31   27
    57.5-180.0 180.0   5.0 450.0                            LAT/LON1/LON2/DLON/H
   33   29   24   20   15   11    7    4    2    0    0    0    0    0    1    1
    1    1    0    0    0    0    0    0    0    0    0    0    0    0    0    0
    0    0    0    0    0    0    0    0    0    0    0    0    0    1    2    4
    7   11   16   21   27   32   37   41   45   50   55   61   67   73   77   78
   76   71   65   58   52   46   42   37   33
    55.0-180.0 180.0   5.0 450.0                            LAT/LON1/LON2/DLON/H
   39   35   30   25   21   16   12    9    6    4    3    2    2    2    2    2
    1    1    0    0    0    0    0    0    0    0    0    0    1    2    3    4
    5    5    4    2    0    0    0    0    1    3    5    7    8    8    9   11
   15   20   26   33   40   46   51   56   59   63   67   72   77   81   84   84
   81   75   68   61   55   50   46   43   39
    52.5-180.0 180.0   5.0 450.0                            LAT/LON1/LON2/DLON/H
   43   39   35   30   26   21   17   14   11    9    7    6    6    6    5    4
    3    1    0    0    0    0    0    0    1    3    5    7    8   10   11   12
   13   13   13   11    9    8    7    8   10   12   14   15   16   17   18   21
   25   31   39   47   55   62   67   70   72   74   77   79   82   84   85   84
   80   74   67   60   54   51   48   46   43
    50.0-180.0 180.0   5.0 450.0                            LAT/LON1/LON2/DLON/H
   44   41   37   33   29   26   23   19   16   14   12   11   11   10    9    8
    6    4    3    2    1    1    2    4    7   10   12   14   16   18   19   21
   22   23   22   21   19   17   17   17   19   20   22   23   24   25   27   30
   36   44   52   61   69   76   80   82   83   82   82   82   82   82   81   79
   74   67   60   54   49   47   46   46   44
    47.5-180.0 180.0   5.0 450.0                            LAT/LON1/LON2/DLON/H
   42   40   37   34   32   30   27   24   21   19   17   17   16   16   15   13
   12   10    9    8    8    8   10   12   15   18   21   23   25   26   28   29
   31   32   31   30   28   26   26   26   26   28   29   29   30   32   35   40
   47   55   65   73   81   86   89   90   89   86   83   80   78   76   74   70
   65   58   51   45   42   41   42   42   42
    45.0-180.0 180.0   5.0 450.0                            LAT/LON1/LON2/DLON/H
   37   36   35   34   34   33   32   29   26   24   23   22   22   22   22   21
   19   18   18   18   18   19   21   24   27   30   32   33   34   34   36   37
   39   40   40   39   37   35   33   33   33   33   34   35   36   38   42   49
   57   65   74   82   89   93   94   93   91   87   82   78   73   70   67   63
   57   51   44   38   35   34   35   37   37
    42.5-180.0 180.0   5.0 450.0                            LAT/LON1/LON2/DLON/H
   32   32   33   34   35   36   36   34   31   29   28   28   29   30   30   29
   29   29   30   31   32   34   36   39   42   44   44   44   43   42   43   44
   46   47   47   46   44   41   40   39   38   38   38   38   40   44   49   56
   65   73   81   88   92   95   95   94   91   87   82   77   72   68   65   62
   57   50   42   35   31   29   30   31   32
    40.0-180.0 180.0   5.0 450.0                            LAT/LON1/LON2/DLON/H
   28   29   31   34   37   40   40   39   36   34   34   35   37   38   39   39
   40   41   43   46   48   50   53   55   57   58   57   54   52   50   50   51
   52   53   53   51   49   47   45   43   42   41   41   41   44   48   54   62
   71   78   85   90   93   94   94   93   91   89   86   82   79   76   74   72
   68   61   52   42   34   29   27   27   28
    37.5-180.0 180.0   5.0 450.0                            LAT/LON1/LON2/DLON/H
   27   29   32   36   41   44   45   44   41   40   40   42   44   46   48   49
   51   53   57   60   63   66   68   70   72   71   68   64   59   56   55   55
   56   57   56   55   52   50   48   47   45   44   43   44   46   52   59   67
   75   81   86   90   92   93   94   95   96   97   98   98   98   98   99   98
   95   87   75   61   47   37   31   28   27
    35.0-180.0 180.0   5.0 450.0                            LAT/LON1/LON2/DLON/H
   32   33   36   41   46   49   50   49   47   46   47   49   52   54   56   58
   61   64   68   72   75   78   80   82   83   82   77   71   65   61   59   59
   59   59   58   56   54   52   50   48   47   45   44   45   48   54   62   70
   77   83   87   90   93   95   98  102  108  114  120  125  130  134  138  140
  137  129  113   92   72   54   42   34   32
    32.5-180.0 180.0   5.0 450.0                            LAT/LON1/LON2/DLON/H
   42   41   44   48   52   55   54   53   52   52   54   57   60   62   64   66
   69   72   76   80   82   85   87   89   89   87   82   76   69   64   61   60
   60   60   58   56   53   52   50   49   47   45   44   45   49   56   64   73
   79   85   89   93   97  102  109  117  127  138  151  162  172  181  189  194
  192  182  162  135  106   80   60   48   42
    30.0-180.0 180.0   5.0 450.0                            LAT/LON1/LON2/DLON/H
   58   55   55   58   59   60   58   56   56   57   60   63   66   68   70   72
   75   78   81   83   85   86   88   89   90   88   83   76   69   64   61   60
   60   58   56   53   51   49   48   47   45   43   42   44   49   56   65   74
   81   87   93   99  107  116  126  138  152  169  187  205  221  235  246  253
  252  241  217  184  147  113   86   67   58
    27.5-180.0 180.0   5.0 450.0                            LAT/LON1/LON2/DLON/H
   78   71   69   68   67   64   61   59   59   62   65   69   71   73   74   76
   78   80   82   83   83   83   83   84   84   83   79   73   67   62   60   58
   57   55   52   49   47   45   44   42   40   39   38   40   46   55   65   75
   84   91   99  109  121  134  148  163  181  202  224  247  267  285  299  308
  308  296  270  232  189  148  115   91   78
    25.0-180.0 180.0   5.0 450.0                            LAT/LON1/LON2/DLON/H
  100   90   84   79   73   67   62   60   62   66   70   73   74   75   77   78
   80   81   81   80   78   76   75   75   76   75   72   68   63   59   56   55
   53   50   46   43   41   39   38   36   34   32   32   35   42   52   64   76
   87   97  109  123  139  156  173  189  208  231  256  281  304  324  339  349
  350  338  311  272  226  181  144  117  100
    22.5-180.0 180.0   5.0 450.0                            LAT/LON1/LON2/DLON/H
  122  109  100   90   79   70   63   61   64   69   73   75   76   76   77   79
   80   80   79   76   72   69   66   65   66   65   64   61   57   54   52   50
   47   44   40   36   34   33   31   28   25   23   23   27   36   48   62   77
   91  105  121  139  159  178  196  213  231  252  277  302  325  345  360  369
  371  360  335  298  253  208  170  141  122
    20.0-180.0 180.0   5.0 450.0                            LAT/LON1/LON2/DLON/H
  141  127  114  101   86   73   65   63   66   71   75   75   75   75   76   78
   80   79   77   73   68   63   59   57   57   57   56   54   52   49   47   45
   42   37   33   30   28   26   23   20   16   14   14   19   29   43   60   78
   95  113  133  154  177  198  215  230  245  263  284  307  327  344  357  365
  366  358  337  305  266  225  189  161  141
    17.5-180.0 180.0   5.0 450.0                            LAT/LON1/LON2/DLON/H
  158  143  128  111   93   78   69   67   70   74   75   75   73   73   75   77
   79   78   76   72   67   61   56   53   51   51   51   50   48   46   43   40
   36   32   28   25   23   20   17   12    8    5    6   12   24   40   59   80
  101  122  144  168  191  211  227  238  249  262  278  295  311  323  332  337
  338  333  319  295  265  232  202  177  158
    15.0-180.0 180.0   5.0 450.0                            LAT/LON1/LON2/DLON/H
  172  157  141  122  102   86   75   73   74   76   76   73   71   71   73   76
   78   78   76   73   69   63   57   52   50   49   49   48   46   43   40   37
   32   28   24   21   19   17   12    7    1    0    1    8   20   38   59   82
  106  130  153  177  199  218  231  239  245  252  261  272  281  287  291  293
  294  292  285  272  253  230  208  188  172
    12.5-180.0 180.0   5.0 450.0                            LAT/LON1/LON2/DLON/H
  183  169  153  134  114   97   86   81   81   80   76   72   69   69   72   75
   77   77   76   75   72   67   61   56   52   50   50   48   46   43   39   35
   30   26   22   20   18   16   11    4    0    0    0    7   21   39   62   86
  112  136  160  182  202  218  228  233  235  237  240  244  246  247  245  244
  243  244  244  242  234  223  209  196  183
    10.0-180.0 180.0   5.0 450.0                            LAT/LON1/LON2/DLON/H
  192  181  166  148  128  111   99   92   88   83   76   70   67   68   72   75
   76   76   77   77   76   73   67   61   57   54   53   51   48   45   41   36
   31   26   23   21   20   17   12    5    0    0    1   11   25   44   66   91
  117  141  163  183  200  213  221  225  224  222  220  218  216  211  205  200
  199  202  208  214  217  216  210  202  192
     7.5-180.0 180.0   5.0 450.0                            LAT/LON1/LON2/DLON/H
  203  193  179  162  143  126  113  104   95   86   76   69   67   69   72   74
   75   75   76   79   79   77   72   66   62   59   58   55   52   48   43   39
   33   29   25   24   23   21   16    9    3    3    8   19   33   51   73   97
  121  145  164  181  195  206  213  217  216  212  208  203  196  189  181  174
  172  176  186  198  208  213  213  209  203
     5.0-180.0 180.0   5.0 450.0                            LAT/LON1/LON2/DLON/H
  214  205  192  176  158  142  127  114  101   87   75   68   66   70   73   75
   74   74   75   78   80   79   75   70   66   64   62   60   56   52   48   43
   37   32   29   28   28   26   21   14   10   11   18   29   44   61   80  102
  125  146  164  177  188  198  206  212  213  211  206  200  193  186  178  172
  170  174  184  198  211  219  222  220  214
     2.5-180.0 180.0   5.0 450.0                            LAT/LON1/LON2/DLON/H
  227  217  204  188  171  154  138  122  104   87   73   66   67   71   75   75
   73   72   73   76   79   78   75   71   68   67   65   63   60   56   52   47
   41   36   33   32   32   31   26   21   18   20   29   41   55   70   87  107
  127  146  161  173  182  192  202  212  217  218  216  212  208  203  198  194
  193  197  206  218  229  236  237  234  227
