LR1/IACG0010.25I
     1.0            IONOSPHERE MAPS     GNSS                IONEX VERSION / TYPE
IACGIM V0.1         IAC PNT             04-Jan-25 07:28     PGM / RUN BY / DATE
IAC PNT'S GLOBAL IONOSPHERE MAPS FOR DAY 001, 2025          COMMENT
  2025     1    1      0     0     0                        EPOCH OF FIRST MAP
  2025     1    2      0     0     0                        EPOCH OF LAST MAP
  3600                                                      INTERVAL
    13                                                      # OF MAPS IN FILE
  NONE                                                      MAPPING FUNCTION
    10.0                                                    ELEVATION CUTOFF
  6371.0                                                    BASE RADIUS
     2                                                      MAP DIMENSION
   450.0 450.0   0.0                                        HGT1 / HGT2 / DHGT
    87.5 -87.5  -2.5                                        LAT1 / LAT2 / DLAT
  -180.0 180.0   5.0                                        LON1 / LON2 / DLON
                                                            END OF HEADER
[from data line 5148]
    13                                                      START OF TEC MAP
  2025     1    2      0     0     0                        EPOCH OF CURRENT MAP
    87.5-180.0 180.0   5.0 450.0                            LAT/LON1/LON2/DLON/H
   63   63   62   61   60   59   58   57   56   54   53   52   50   49   47   46
   45   43   42   40   39   38   36   35   34   33   32   31   30   29   28   27
   27   26   26   26   26   26   26   27   27   28   29   30   31   33   34   36
   37   39   41   43   45   47   49   50   52   54   56   57   58   60   61   62
   63   63   64   64   64   64   64   64   63
    85.0-180.0 180.0   5.0 450.0                            LAT/LON1/LON2/DLON/H
   78   76   75   73   71   69   67   65   63   60   58   56   53   51   49   47
   45   42   40   38   36   34   32   30   29   27   25   23   21   19   18   16
   15   14   13   12   11   11   11   11   12   13   14   16   18   21   24   27
   30   34   37   41   45   49   53   57   60   63   67   69   72   74   76   78
   79   80   80   81   81   80   80   79   78
    82.5-180.0 180.0   5.0 450.0                            LAT/LON1/LON2/DLON/H
   86   84   82   80   77   74   72   69   66   63   60   57   54   52   49   47
   45   43   40   39   37   35   33   31   29   27   25   23   21   19   16   14
   12   10    8    6    4    3    3    3    3    4    5    7   10   13   16   21
   25   30   35   41   46   51   57   62   67   71   75   79   82   84   87   88
   89   90   90   91   90   90   89   87   86
    80.0-180.0 180.0   5.0 450.0                            LAT/LON1/LON2/DLON/H
   88   86   84   82   79   76   73   70   67   64   61   58   55   52   50   48
   46   44   42   41   40   39   37   36   35   33   32   30   28   25   23   20
   17   15   12    9    7    5    4    3    2    3    3    5    7   10   14   18
   23   29   35   41   47   54   60   66   71   76   80   83   86   88   89   90
   91   91   92   91   91   91   90   89   88
    77.5-180.0 180.0   5.0 450.0                            LAT/LON1/LON2/DLON/H
   86   85   84   82   81   78   75   72   69   66   63   60   57   55   52   50
   49   47   46   45   45   44   44   44   43   43   42   41   40   38   36   33
   30   27   24   21   18   15   13   11   10   10   10   11   12   14   17   21
   25   30   36   42   49   55   61   67   72   76   79   81   83   83   84   84
   84   84   84   84   85   85   86   86   86
    75.0-180.0 180.0   5.0 450.0                            LAT/LON1/LON2/DLON/H
   84   85   86   86   85   84   82   79   76   73   70   67   64   61   59   57
   55   53   52   51   51   50   51   51   52   53   53   54   53   52   51   49
   46   43   40   37   34   31   28   26   25   23   22   22   22   23   24   27
   30   34   39   44   50   56   62   67   70   73   75   75   74   73   72   71
   70   70   71   73   75   77   80   82   84
    72.5-180.0 180.0   5.0 450.0                            LAT/LON1/LON2/DLON/H
   86   90   93   95   96   95   94   92   90   86   83   79   76   73   70   67
   64   62   59   58   56   56   56   57   58   60   62   64   65   65   65   63
   61   59   56   53   50   48   45   43   41   39   38   36   35   34   34   34
   36   38   41   46   51   56   60   64   67   68   68   66   63   60   57   55
   55   56   58   62   66   71   77   82   86
    70.0-180.0 180.0   5.0 450.0                            LAT/LON1/LON2/DLON/H
   96  102  106  110  113  114  113  112  109  106  102   98   93   89   85   81
   77   72   69   65   62   60   59   60   61   64   67   70   72   74   74   74
   73   71   68   66   64   62   60   58   56   53   51   49   47   44   42   41
   40   41   43   46   50   54   58   62   63   63   61   57   53   48   45   43
   43   46   51   57   65   73   81   89   96
    67.5-180.0 180.0   5.0 450.0                            LAT/LON1/LON2/DLON/H
  112  119  125  130  134  136  137  136  134  130  125  120  114  109  103   97
   91   85   79   73   67   63   61   60   61   64   67   71   75   77   79   79
   78   77   75   73   71   70   68   66   64   62   60   57   54   51   48   45
   43   42   43   45   48   52   56   59   60   59   56   51   46   41   39   38
   41   46   54   64   74   85   94  103  112
    65.0-180.0 180.0   5.0 450.0                            LAT/LON1/LON2/DLON/H
  132  139  145  151  156  159  161  161  159  155  149  143  135  128  121  113
  106   97   89   80   72   66   61   58   58   60   64   68   73   76   78   78
   78   76   75   73   72   70   69   67   66   64   61   59   56   53   49   46
   43   41   40   42   45   48   52   55   57   56   53   49   45   42   41   44
   50   60   71   84   96  107  116  125  132
    62.5-180.0 180.0   5.0 450.0                            LAT/LON1/LON2/DLON/H
  153  157  162  168  174  179  182  183  182  177  171  163  154  145  136  128
  118  108   98   87   77   68   60   56   54   55   58   62   67   70   72   73
   72   71   70   68   67   65   64   62   60   58   57   55   53   50   47   44
   40   37   36   37   40   44   48   52   54   54   52   50   49   50   54   62
   73   87  102  116  128  137  144  149  153
    60.0-180.0 180.0   5.0 450.0                            LAT/LON1/LON2/DLON/H
  170  170  172  177  184  191  197  199  199  194  187  178  168  158  148  138
  127  117  105   94   82   71   61   54   50   49   51   54   59   62   65   65
   64   63   61   60   58   56   54   52   50   49   48   47   46   45   42   39
   36   33   31   32   34   38   43   47   50   52   53   54   57   64   75   89
  107  126  143  158  167  172  173  172  170
    57.5-180.0 180.0   5.0 450.0                            LAT/LON1/LON2/DLON/H
  181  175  174  178  185  195  203  209  210  206  198  188  177  166  155  144
  133  122  111   99   86   74   63   53   47   43   44   46   50   54   56   56
   55   54   52   50   48   46   44   41   39   38   37   38   38   38   37   34
   31   27   25   25   27   31   35   40   44   48   52   59   69   82  101  123
  148  171  191  204  209  208  200  190  181
    55.0-180.0 180.0   5.0 450.0                            LAT/LON1/LON2/DLON/H
  185  173  168  171  180  193  204  213  216  213  206  196  184  171  159  147
  136  125  114  103   91   79   66   55   46   40   38   39   42   46   48   48
   47   46   44   42   39   37   34   31   29   29   29   31   32   33   32   29
   26   22   19   18   19   22   26   30   35   42   51   64   81  103  130  160
  191  219  239  250  249  239  222  203  185
    52.5-180.0 180.0   5.0 450.0                            LAT/LON1/LON2/DLON/H
  187  169  161  163  174  189  204  216  222  221  214  204  191  177  164  151
  139  128  118  108   97   85   72   59   47   38   34   34   36   39   41   42
   41   39   37   35   33   30   27   25   23   23   25   27   29   30   29   25
   21   16   13   11   11   13   16   20   26   36   49   69   94  124  159  197
  233  263  284  291  285  266  240  212  187
    50.0-180.0 180.0   5.0 450.0                            LAT/LON1/LON2/DLON/H
  191  169  158  160  173  190  209  224  232  232  227  216  203  189  174  159
  145  134  124  114  105   93   80   66   52   41   34   32   33   35   37   38
   37   35   33   30   28   26   23   22   21   22   24   27   28   29   26   22
   16   11    6    4    4    5    7   11   18   31   50   76  108  146  188  230
  270  303  322  326  315  290  257  222  191
    47.5-180.0 180.0   5.0 450.0                            LAT/LON1/LON2/DLON/H
  206  182  170  172  184  204  225  241  251  253  248  238  224  208  191  175
  159  146  135  125  116  105   92   76   61   48   39   35   34   36   37   37
   36   33   31   28   25   23   22   22   23   25   27   29   30   29   25   19
   12    6    2    0    0    0    1    6   16   32   57   89  127  170  215  260
  302  335  354  357  342  314  278  240  206
    45.0-180.0 180.0   5.0 450.0                            LAT/LON1/LON2/DLON/H
  238  214  201  203  215  235  256  273  283  285  280  269  255  238  220  201
  182  167  154  143  133  122  108   93   76   62   52   46   43   43   42   41
   38   35   31   27   24   22   22   23   26   28   31   32   32   30   25   18
   11    4    0    0    0    1    3    9   22   43   73  111  152  197  243  288
  329  362  381  384  370  343  308  271  238
    42.5-180.0 180.0   5.0 450.0                            LAT/LON1/LON2/DLON/H
  291  269  256  256  267  285  305  321  330  330  324  312  297  279  259  237
  216  198  182  168  157  145  131  116  100   85   74   67   62   59   55   51
   45   40   34   29   25   23   24   26   30   33   34   34   33   31   26   20
   13    7    4    4    7   10   15   23   40   66  101  143  186  230  273  314
  353  385  406  412  403  381  352  321  291
    40.0-180.0 180.0   5.0 450.0                            LAT/LON1/LON2/DLON/H
  365  346  334  332  340  355  371  384  389  386  377  364  347  327  306  283
  260  239  219  203  188  174  161  147  132  119  108  100   92   84   76   67
   59   50   42   35   30   28   29   32   35   37   37   36   34   33   31   27
   22   18   16   18   23   29   37   49   70  101  142  186  229  269  306  342
  377  409  432  443  442  431  411  388  365
    37.5-180.0 180.0   5.0 450.0                            LAT/LON1/LON2/DLON/H
  456  440  429  425  429  439  451  459  459  452  438  421  402  381  358  335
  311  287  265  245  226  211  197  185  173  163  153  144  133  120  106   92
   79   68   58   49   42   39   39   41   43   42   39   37   36   38   40   42
   40   38   38   42   49   58   69   84  110  146  191  237  279  313  342  372
  403  435  462  482  491  491  484  472  456
    35.0-180.0 180.0   5.0 450.0                            LAT/LON1/LON2/DLON/H
  556  545  533  527  527  532  539  541  535  522  503  481  458  435  412  388
  364  340  315  292  270  252  239  229  221  214  207  196  182  164  144  124
  107   93   82   72   64   59   58   57   55   50   44   39   40   47   57   65
   69   69   70   75   83   95  108  126  155  196  244  292  331  359  382  406
  434  467  499  527  548  561  566  565  556
    32.5-180.0 180.0   5.0 450.0                            LAT/LON1/LON2/DLON/H
  657  649  638  629  626  626  628  624  612  592  568  541  514  488  464  440
  417  392  367  340  316  297  284  276  272  269  264  253  237  213  187  163
  142  127  115  105   96   89   85   80   73   63   51   45   48   62   81   97
  106  108  109  113  122  134  149  169  200  243  294  343  380  405  423  443
  471  506  544  580  611  635  652  659  657
    30.0-180.0 180.0   5.0 450.0                            LAT/LON1/LON2/DLON/H
  750  744  733  723  718  715  712  703  686  661  630  598  567  538  512  488
  465  441  415  388  362  341  329  323  322  322  319  309  290  263  233  205
  183  168  156  146  137  129  121  112   98   81   64   56   62   83  111  135
  148  151  150  152  160  172  186  206  237  281  335  385  423  447  464  484
  514  552  594  637  676  709  734  748  750
    27.5-180.0 180.0   5.0 450.0                            LAT/LON1/LON2/DLON/H
  828  823  813  804  797  793  787  775  753  723  688  652  617  585  556  530
  507  484  458  430  404  383  371  367  367  369  367  357  338  310  277  248
  227  213  203  194  184  174  162  148  128  104   82   71   80  106  142  173
  190  192  187  186  191  201  214  231  261  306  361  414  455  483  503  528
  562  603  650  696  739  777  806  823  828
    25.0-180.0 180.0   5.0 450.0                            LAT/LON1/LON2/DLON/H
  887  883  874  866  861  857  850  835  811  778  740  702  665  630  598  569
  544  520  494  466  440  420  408  404  404  405  404  395  377  349  318  290
  270  258  251  242  232  219  205  185  159  130  103   90   99  130  170  205
  223  223  215  209  211  219  228  243  270  314  371  429  476  511  540  573
  613  658  706  752  796  835  864  882  887
    22.5-180.0 180.0   5.0 450.0                            LAT/LON1/LON2/DLON/H
  925  922  916  912  909  907  899  884  858  823  786  748  711  674  638  606
  577  551  524  496  470  451  439  434  432  431  429  422  406  382  353  328
  311  301  295  286  274  259  241  218  188  154  124  109  117  148  190  225
  242  239  226  216  216  221  228  240  264  308  368  431  487  533  574  617
  664  713  759  803  844  879  906  921  925
    20.0-180.0 180.0   5.0 450.0                            LAT/LON1/LON2/DLON/H
  945  943  941  941  943  943  936  920  893  860  824  789  754  717  679  642
  609  578  549  521  496  477  465  457  452  448  444  439  428  408  385  363
  348  339  331  320  305  287  266  240  209  173  142  125  130  157  196  229
  242  235  219  207  204  208  214  224  248  293  356  426  491  549  604  658
  712  762  805  843  878  909  931  943  945
    17.5-180.0 180.0   5.0 450.0                            LAT/LON1/LON2/DLON/H
  948  948  951  958  965  968  963  947  919  887  854  823  793  759  720  679
  641  606  573  543  518  500  487  477  468  460  456  452  446  432  413  394
  380  368  357  341  321  300  276  249  218  184  153  134  135  156  188  214
  224  214  196  183  180  185  191  202  227  274  341  418  492  561  627  692
  751  799  838  869  898  923  940  948  948
    15.0-180.0 180.0   5.0 450.0                            LAT/LON1/LON2/DLON/H
  938  941  951  965  978  986  982  966  938  905  875  850  826  797  759  717
  675  635  599  566  540  521  508  496  484  474  469  468  466  457  441  423
  405  389  370  347  322  296  270  244  215  184  156  138  133  146  167  186
  191  179  161  149  148  155  164  178  207  259  331  413  494  570  643  714
  775  821  853  878  901  921  934  938  938
    12.5-180.0 180.0   5.0 450.0                            LAT/LON1/LON2/DLON/H
  916  924  941  964  986  998  997  980  951  918  890  869  852  828  795  754
  710  668  628  592  563  543  530  518  504  493  489  490  492  485  470  448
  425  400  372  341  308  278  251  226  201  176  153  135  126  129  140  150
  151  139  122  113  115  126  140  160  195  253  330  414  496  573  649  720
  780  822  848  867  886  903  913  915  916
    10.0-180.0 180.0   5.0 450.0                            LAT/LON1/LON2/DLON/H
  884  898  924  958  988 1008 1010  994  964  929  900  882  869  852  825  788
  747  704  661  621  588  567  554  543  531  521  518  521  523  517  497  469
  437  402  364  324  285  251  223  201  181  163  146  130  118  112  113  116
  113  102   88   82   88  103  123  150  193  258  338  422  499  571  641  708
  763  799  821  836  853  868  878  880  884
     7.5-180.0 180.0   5.0 450.0                            LAT/LON1/LON2/DLON/H
  842  863  900  945  987 1015 1023 1009  978  940  908  889  879  867  847  817
  781  741  697  653  617  593  580  572  563  556  555  558  559  547  520  483
  440  395  348  301  257  222  194  174  160  149  139  126  111   99   92   90
   85   76   66   63   73   92  117  152  203  273  355  433  501  561  619  676
  723  754  771  785  802  819  829  834  842
     5.0-180.0 180.0   5.0 450.0                            LAT/LON1/LON2/DLON/H
  789  820  868  926  981 1020 1037 1027  995  954  917  894  883  874  860  839
  812  777  734  688  646  619  607  602  598  595  594  595  590  570  534  486
  433  379  326  276  231  196  170  153  143  139  134  126  111   96   84   78
   73   66   59   60   72   93  123  164  221  296  376  445  499  541  583  626
  664  689  704  718  737  756  768  776  789
     2.5-180.0 180.0   5.0 450.0                            LAT/LON1/LON2/DLON/H
  729  768  829  900  968 1020 1047 1045 1016  972  929  900  884  875  866  854
  836  809  769  721  676  645  632  630  630  630  628  624  610  579  532  474
  413  356  302  252  211  179  156  141  135  134  135  130  118  102   89   82
   78   73   69   71   84  108  140  184  244  319  395  453  489  512  534  563
  590  611  625  641  662  682  698  709  729
