LR1/IACG0010.25I
     1.0            IONOSPHERE MAPS     GNSS                IONEX VERSION / TYPE
IACGIM V0.1         IAC PNT             04-Jan-25 07:28     PGM / RUN BY / DATE
IAC PNT'S GLOBAL IONOSPHERE MAPS FOR DAY 001, 2025          COMMENT
  2025     1    1      0     0     0                        EPOCH OF FIRST MAP
  2025     1    2      0     0     0                        EPOCH OF LAST MAP
  3600                                                      INTERVAL
    13                                                      # OF MAPS IN FILE
  NONE                                                      MAPPING FUNCTION
    10.0                                                    ELEVATION CUTOFF
  6371.0                                                    BASE RADIUS
     2                                                      MAP DIMENSION
   450.0 450.0   0.0                                        HGT1 / HGT2 / DHGT
    87.5 -87.5  -2.5                                        LAT1 / LAT2 / DLAT
  -180.0 180.0   5.0                                        LON1 / LON2 / DLON
                                                            END OF HEADER
[from data line 3861]
    10                                                      START OF TEC MAP
  2025     1    1      18    0     0                        EPOCH OF CURRENT MAP
    87.5-180.0 180.0   5.0 450.0                            LAT/LON1/LON2/DLON/H
  258  262  265  268  272  274  277  279  281  283  284  285  286  286  286  285
  284  283  281  278  275  272  269  265  261  256  251  247  241  236  231  226
  221  215  210  206  201  197  193  189  186  183  180  179  177  176  176  176
  176  177  178  180  182  184  187  190  193  197  201  205  209  213  217  221
  225  230  234  238  242  246  250  254  258
    85.0-180.0 180.0   5.0 450.0                            LAT/LON1/LON2/DLON/H
  261  267  272  278  284  289  294  299  303  307  310  313  316  317  318  318
  317  315  312  309  304  299  293  286  279  271  262  253  243  234  224  214
  204  194  184  174  165  157  149  142  136  131  127  123  121  120  119  120
  122  124  127  131  136  141  146  152  158  165  171  178  185  192  198  205
  211  218  224  230  236  243  249  255  261
    82.5-180.0 180.0   5.0 450.0                            LAT/LON1/LON2/DLON/H
  239  246  253  260  267  274  281  288  295  302  308  313  318  321  324  325
  326  325  323  319  314  308  301  293  284  274  263  252  240  228  215  202
  189  175  162  150  138  126  116  106   98   92   86   83   80   79   80   81
   84   88   93   99  105  112  120  128  135  143  151  159  166  174  180  187
  193  199  205  210  216  221  227  233  239
    80.0-180.0 180.0   5.0 450.0                            LAT/LON1/LON2/DLON/H
  198  203  210  217  225  233  242  251  260  269  277  285  293  299  304  308
  311  311  310  308  304  298  291  282  273  263  252  241  229  217  204  191
  178  164  150  136  122  110   98   88   79   72   67   63   62   62   63   66
   70   75   80   87   94  101  109  117  125  133  140  147  153  159  164  168
  171  174  177  179  182  185  188  193  198
    77.5-180.0 180.0   5.0 450.0                            LAT/LON1/LON2/DLON/H
  144  149  154  160  168  177  186  196  206  217  227  238  248  257  266  272
  277  280  281  279  275  270  263  255  246  237  228  219  210  200  191  180
  169  157  145  132  119  106   95   85   78   72   68   66   66   67   70   73
   78   82   88   93   99  105  111  118  124  130  135  140  143  146  147  148
  147  146  144  142  141  140  140  142  144
    75.0-180.0 180.0   5.0 450.0                            LAT/LON1/LON2/DLON/H
   93   95   99  105  112  119  128  137  147  159  171  183  196  208  219  229
  237  242  244  243  239  233  225  216  207  198  191  185  180  175  171  166
  160  152  143  133  122  111  102   94   88   85   84   84   86   89   93   97
  100  104  107  110  113  116  120  123  127  130  132  134  135  134  132  129
  124  118  112  106  100   96   93   92   93
    72.5-180.0 180.0   5.0 450.0                            LAT/LON1/LON2/DLON/H
   55   57   60   64   69   75   82   89   98  108  120  134  148  163  177  190
  201  208  211  211  206  198  187  175  164  154  146  142  141  143  145  147
  147  145  141  134  126  118  111  105  103  102  104  108  112  117  121  125
  127  128  129  129  128  128  128  128  128  129  129  128  126  123  119  112
  104   95   86   77   68   62   57   55   55
    70.0-180.0 180.0   5.0 450.0                            LAT/LON1/LON2/DLON/H
   39   41   44   47   50   53   57   61   66   74   85   99  115  132  149  165
  179  189  194  193  187  176  161  144  127  112  102   97   99  105  114  123
  130  134  134  130  124  118  114  111  112  115  120  126  133  139  143  146
  147  146  144  140  137  133  130  127  125  124  122  121  118  114  108  101
   91   81   71   61   52   45   40   38   39
    67.5-180.0 180.0   5.0 450.0                            LAT/LON1/LON2/DLON/H
   45   48   52   55   56   56   55   55   56   61   70   83  100  119  139  158
  175  187  194  195  189  176  156  131  106   83   66   57   58   67   81   97
  110  118  121  120  115  111  108  108  111  117  124  133  140  147  151  153
  153  150  146  141  135  130  125  122  119  116  115  113  110  106  101   95
   87   78   68   59   52   46   43   43   45
    65.0-180.0 180.0   5.0 450.0                            LAT/LON1/LON2/DLON/H
   68   73   77   80   80   77   72   67   64   65   72   85  103  123  145  165
  184  200  211  215  212  198  175  144  108   74   48   32   29   38   55   74
   91  102  106  104  100   96   94   95  101  108  117  126  133  138  142  143
  142  139  135  130  125  120  116  113  110  108  107  106  104  102   99   95
   89   83   76   70   65   62   62   64   68
    62.5-180.0 180.0   5.0 450.0                            LAT/LON1/LON2/DLON/H
   97  103  108  111  110  105   97   88   82   80   86   98  115  136  157  179
  199  218  234  246  249  240  218  183  139   94   55   29   19   25   42   62
   79   90   92   88   82   77   76   78   85   93  101  108  113  117  119  120
  119  118  116  113  110  107  105  104  103  103  102  102  102  102  101   99
   97   93   90   87   86   85   87   91   97
    60.0-180.0 180.0   5.0 450.0                            LAT/LON1/LON2/DLON/H
  119  125  131  135  135  130  120  109  101   97  102  113  130  149  169  189
  209  230  253  275  291  294  279  246  197  142   90   53   35   35   48   66
   81   88   85   77   67   61   59   63   69   77   83   87   89   90   90   91
   92   93   94   94   94   95   96   98   99  100  100  101  102  103  104  104
  104  104  104  104  105  106  109  113  119
    57.5-180.0 180.0   5.0 450.0                            LAT/LON1/LON2/DLON/H
  125  130  137  142  144  141  133  122  113  109  113  124  140  157  172  187
  205  228  259  295  328  350  351  325  277  216  155  106   79   72   79   92
  100   99   89   74   59   50   48   53   60   66   69   69   67   65   64   66
   69   73   76   80   83   87   91   94   97   99  100  101  102  103  105  107
  108  110  112  113  115  117  118  121  125
    55.0-180.0 180.0   5.0 450.0                            LAT/LON1/LON2/DLON/H
  111  114  121  129  135  137  133  124  117  114  118  129  143  155  165  173
  185  209  247  299  355  401  423  413  372  310  242  185  149  133  133  137
  136  124  103   79   59   47   45   50   57   62   62   58   53   48   48   51
   56   62   68   73   78   83   87   92   95   96   97   97   98   99  101  103
  105  107  109  111  113  113  112  111  111
    52.5-180.0 180.0   5.0 450.0                            LAT/LON1/LON2/DLON/H
   81   82   89  101  113  122  124  120  115  113  118  128  140  148  150  150
  156  179  224  291  370  442  490  500  471  414  345  283  239  215  205  198
  184  160  126   93   66   51   48   54   61   64   62   56   48   43   43   48
   56   64   70   74   77   80   84   87   89   89   88   88   88   90   91   92
   93   94   96   98   99   97   93   86   81
    50.0-180.0 180.0   5.0 450.0                            LAT/LON1/LON2/DLON/H
   46   43   51   68   88  105  114  116  114  114  119  129  139  143  139  131
  131  151  201  281  379  476  548  579  566  518  452  389  340  308  288  269
  240  201  155  111   77   59   55   59   66   69   65   58   51   47   49   57
   66   74   79   80   78   77   77   77   76   74   72   71   71   73   74   75
   74   73   74   76   77   75   67   55   46
    47.5-180.0 180.0   5.0 450.0                            LAT/LON1/LON2/DLON/H
   16   11   20   43   71   97  114  121  122  123  129  139  147  149  141  128
  123  141  194  282  394  507  598  647  649  612  554  492  441  403  373  340
  298  245  187  134   94   71   63   65   70   71   69   62   57   56   61   71
   82   89   91   87   80   73   68   63   59   54   50   48   49   52   54   54
   52   50   50   53   56   53   44   29   16
    45.0-180.0 180.0   5.0 450.0                            LAT/LON1/LON2/DLON/H
    1    0    8   36   72  106  130  142  145  148  154  165  174  176  167  154
  148  165  218  307  423  542  642  701  715  690  641  585  534  492  452  407
  353  289  223  163  117   88   75   71   72   72   70   66   63   65   72   84
   96  103  102   94   82   69   59   51   43   35   28   25   27   32   36   36
   33   30   30   35   41   41   33   17    1
    42.5-180.0 180.0   5.0 450.0                            LAT/LON1/LON2/DLON/H
    8    5   20   54   96  136  165  180  187  191  199  211  223  227  222  213
  210  228  280  365  474  587  682  743  763  747  708  661  613  567  520  467
  405  336  267  204  154  119   96   83   77   74   72   70   69   72   81   94
  107  113  111  101   86   72   59   47   36   25   16   12   14   21   26   27
   23   19   20   28   39   44   38   23    8
    40.0-180.0 180.0   5.0 450.0                            LAT/LON1/LON2/DLON/H
   36   35   55   93  140  184  215  234  243  251  262  278  293  303  304  302
  306  328  378  454  548  643  722  773  792  784  756  717  675  629  578  520
  456  389  324  264  213  170  136  111   95   87   83   80   79   81   88  100
  113  122  122  113  100   86   74   62   49   35   22   16   18   25   32   33
   28   23   25   36   51   61   60   48   36
    37.5-180.0 180.0   5.0 450.0                            LAT/LON1/LON2/DLON/H
   76   80  104  146  195  240  273  294  308  321  339  360  380  395  404  411
  424  452  500  564  636  705  759  793  807  803  785  757  721  677  626  569
  511  454  400  349  299  250  203  164  136  120  112  106  100   96   98  107
  120  132  138  135  128  119  110  101   88   72   56   45   44   50   56   56
   50   43   45   57   76   90   93   85   76
    35.0-180.0 180.0   5.0 450.0                            LAT/LON1/LON2/DLON/H
  119  128  156  201  251  295  328  353  373  396  422  449  474  494  509  524
  546  580  626  678  727  766  791  805  810  809  801  784  756  717  670  620
  573  533  498  461  416  361  302  248  207  182  167  154  139  125  118  122
  136  153  166  172  173  172  171  167  156  138  117  101   95   97  100   97
   88   78   78   89  109  125  129  124  119
    32.5-180.0 180.0   5.0 450.0                            LAT/LON1/LON2/DLON/H
  154  168  201  248  297  340  374  402  432  465  502  537  566  587  604  623
  651  690  735  776  804  816  815  809  807  809  810  804  785  753  712  674
  644  626  613  593  556  499  430  363  310  275  252  229  201  174  155  153
  166  188  209  224  235  243  250  252  244  226  201  178  164  160  158  152
  138  124  119  127  143  156  160  156  154
    30.0-180.0 180.0   5.0 450.0                            LAT/LON1/LON2/DLON/H
  175  193  231  280  329  370  405  439  479  526  574  616  646  665  678  695
  724  764  809  843  857  849  828  808  801  807  817  822  811  786  755  730
  720  726  736  734  706  649  573  497  435  393  360  326  284  241  211  202
  216  242  268  290  306  321  335  344  341  323  294  265  243  231  223  211
  193  173  162  163  172  179  179  174  175
    27.5-180.0 180.0   5.0 450.0                            LAT/LON1/LON2/DLON/H
  179  202  244  296  345  386  423  464  515  574  632  679  708  720  724  734
  758  797  840  872  879  860  829  804  796  807  826  839  836  818  797  786
  794  820  850  864  845  790  712  632  566  519  480  434  379  323  283  270
  283  310  338  360  377  394  412  426  427  411  380  346  317  298  284  267
  244  219  201  193  193  191  184  176  179
    25.0-180.0 180.0   5.0 450.0                            LAT/LON1/LON2/DLON/H
  171  198  246  301  351  394  434  482  541  609  674  723  748  752  744  742
  756  790  832  864  871  853  822  798  795  813  838  856  859  847  834  833
  855  895  937  961  949  898  823  745  681  634  590  537  472  407  362  348
  360  386  408  423  434  447  464  481  486  472  442  405  372  348  329  309
  283  254  230  214  203  192  178  167  171
    22.5-180.0 180.0   5.0 450.0                            LAT/LON1/LON2/DLON/H
  158  190  242  301  355  401  445  498  563  634  701  748  768  763  744  728
  732  758  798  832  844  833  810  795  799  822  852  873  877  869  861  867
  894  939  985 1011 1002  955  885  815  758  715  672  615  546  480  436  424
  437  457  469  470  466  469  481  496  504  494  468  432  398  371  351  330
  303  273  245  223  204  185  165  152  158
    20.0-180.0 180.0   5.0 450.0                            LAT/LON1/LON2/DLON/H
  148  184  241  305  363  413  461  516  582  651  713  755  770  759  732  707
  700  719  756  792  812  812  801  796  808  835  865  885  888  881  874  881
  906  946  986 1007  995  951  889  829  783  749  710  656  590  529  493  487
  501  513  510  492  469  457  459  471  479  473  452  420  389  365  347  328
  303  274  245  220  198  175  152  139  148
    17.5-180.0 180.0   5.0 450.0                            LAT/LON1/LON2/DLON/H
  147  187  248  316  378  432  484  539  600  661  714  748  759  746  718  690
  678  692  725  762  788  797  798  803  821  848  875  890  891  882  874  876
  893  919  944  953  935  891  837  788  755  731  701  654  597  547  523  527
  542  546  526  487  444  415  406  411  417  415  399  375  351  332  318  303
  284  259  232  209  187  164  144  134  147
    15.0-180.0 180.0   5.0 450.0                            LAT/LON1/LON2/DLON/H
  156  200  264  333  398  456  509  563  616  664  703  729  738  729  708  686
  676  688  718  754  782  797  805  816  835  859  880  889  885  873  862  857
  861  870  875  867  839  794  745  707  685  671  651  615  570  536  527  540
  556  552  517  460  400  356  335  332  336  335  325  309  292  279  271  263
  249  230  209  190  173  155  141  137  156
    12.5-180.0 180.0   5.0 450.0                            LAT/LON1/LON2/DLON/H
  172  219  283  352  418  477  532  582  625  660  685  702  712  713  705  697
  696  711  739  770  796  810  820  831  848  867  880  882  874  860  845  833
  823  814  799  774  735  686  640  608  594  589  578  553  523  504  509  531
  547  536  489  420  349  295  266  255  254  252  247  237  227  221  218  215
  206  193  179  167  157  148  143  147  172
    10.0-180.0 180.0   5.0 450.0                            LAT/LON1/LON2/DLON/H
  189  237  299  365  429  488  542  589  624  647  661  672  685  698  709  719
  733  753  780  806  825  834  840  847  859  870  876  874  863  848  832  813
  793  768  738  698  650  596  550  520  510  510  506  492  473  467  481  507
  522  505  453  379  306  250  215  199  192  188  183  178  173  170  170  169
  164  156  148  143  141  141  145  159  189
     7.5-180.0 180.0   5.0 450.0                            LAT/LON1/LON2/DLON/H
  200  248  306  366  425  482  535  579  610  626  633  642  660  686  716  745
  774  802  829  849  859  861  859  861  866  871  872  867  857  843  827  807
  780  747  707  660  605  548  499  467  456  457  457  450  439  440  457  481
  491  470  418  348  281  229  196  175  163  154  149  144  140  138  137  135
  131  125  120  120  125  133  145  166  200
     5.0-180.0 180.0   5.0 450.0                            LAT/LON1/LON2/DLON/H
  201  248  299  351  403  454  506  551  582  598  606  617  640  677  721  766
  808  844  870  885  887  882  874  870  870  871  870  866  858  849  835  816
  789  755  714  665  610  551  498  461  446  444  445  440  433  434  446  462
  464  440  392  333  279  238  209  188  171  158  149  142  136  130  124  117
  110  104  100  102  110  122  139  165  201
     2.5-180.0 180.0   5.0 450.0                            LAT/LON1/LON2/DLON/H
  191  234  279  322  364  409  459  507  544  567  581  598  626  669  722  776
  825  865  892  903  901  891  881  874  872  873  873  871  869  864  855  839
  816  786  750  708  656  599  543  501  479  473  472  467  458  453  454  456
  448  421  379  334  297  270  249  230  211  194  181  170  158  145  132  118
  106   96   90   91   97  109  128  154  191
