LR1/IACG0010.21I
     1.0            IONOSPHERE MAPS     GNSS                IONEX VERSION / TYPE
IACGIM V0.1         IAC PNT             20-Jul-22 16:03     PGM / RUN BY / DATE
IAC PNT'S GLOBAL IONOSPHERE MAPS FOR DAY 001, 2021          COMMENT
  2021     1    1      0     0     0                        EPOCH OF FIRST MAP
  2021     1    2      0     0     0                        EPOCH OF LAST MAP
  3600                                                      INTERVAL
    13                                                      # OF MAPS IN FILE
  NONE                                                      MAPPING FUNCTION
    10.0                                                    ELEVATION CUTOFF
  6371.0                                                    BASE RADIUS
     2                                                      MAP DIMENSION
   450.0 450.0   0.0                                        HGT1 / HGT2 / DHGT
    87.5 -87.5  -2.5                                        LAT1 / LAT2 / DLAT
  -180.0 180.0   5.0                                        LON1 / LON2 / DLON
                                                            END OF HEADER
     1                                                      START OF TEC MAP
  2021     1    1      0     0     0                        EPOCH OF CURRENT MAP
    87.5-180.0 180.0   5.0 450.0                            LAT/LON1/LON2/DLON/H
    0    0    0    0    0    0    0    0    0    0    0    0    0    0    0    0
    0    0    0    0    0    0    0    0    0    0    0    0    0    0    0    0
    0    0    0    0    0    0    0    0    0    0    0    0    0    0    0    0
    0    0    0    0    0    0    0    0    0    0    0    0    0    0    0    0
    0    0    0    0    0    0    0    0    0
    85.0-180.0 180.0   5.0 450.0                            LAT/LON1/LON2/DLON/H
    0    0    0    0    0    0    0    0    0    0    0    0    0    0    0    0
    0    0    0    0    0    0    0    0    0    0    0    0    0    0    0    0
    0    0    0    0    0    0    0    0    0    0    0    0    0    0    0    0
    0    0    0    0    0    0    0    0    0    0    0    0    0    0    0    0
    0    0    0    0    0    0    0    0    0
    82.5-180.0 180.0   5.0 450.0                            LAT/LON1/LON2/DLON/H
    0    0    0    0    0    0    0    0    0    0    0    0    0    0    0    0
    0    0    0    0    0    0    0    0    0    0    0    0    0    0    0    0
    0    0    0    0    0    0    0    0    0    0    0    0    0    0    0    0
    0    0    0    0    0    0    0    0    0    0    0    0    0    0    0    0
    0    0    0    0    0    0    0    0    0
    80.0-180.0 180.0   5.0 450.0                            LAT/LON1/LON2/DLON/H
    0    0    0    0    0    0    0    0    0    0    0    0    0    0    0    0
    0    0    0    0    0    0    0    0    0    0    0    0    0    0    0    0
    0    0    0    0    0    0    0    0    0    0    0    0    0    0    0    0
    0    0    0    0    0    0    0    0    0    0    0    0    0    0    0    0
    0    0    0    0    0    0    0    0    0
    77.5-180.0 180.0   5.0 450.0                            LAT/LON1/LON2/DLON/H
    5    6    6    5    5    4    4    3    2    1    1    0    0    0    0    0
    0    0    0    0    0    0    0    0    0    0    0    0    0    0    0    0
    0    0    0    0    0    0    0    0    0    0    0    0    0    0    0    0
    0    0    0    0    0    0    0    0    0    0    0    0    0    0    1    1
    1    2    2    3    3    4    5    5    5
    75.0-180.0 180.0   5.0 450.0                            LAT/LON1/LON2/DLON/H
   13   13   13   13   12   11   10    9    8    6    5    4    2    1    1    0
    0    0    0    0    0    0    1    1    1    1    0    0    0    0    0    0
    0    0    0    0    0    0    0    0    0    0    0    0    0    0    0    0
    0    0    0    0    0    0    0    0    0    0    0    1    2    2    3    4
    4    5    6    7    9   10   11   12   13
    72.5-180.0 180.0   5.0 450.0                            LAT/LON1/LON2/DLON/H
   20   21   21   21   20   19   17   15   13   11    9    8    6    4    3    2
    1    0    0    0    0    1    1    1    1    1    1    0    0    0    0    0
    0    0    0    0    0    0    0    0    0    0    0    0    0    0    0    0
    0    0    0    0    0    0    0    0    0    0    0    1    2    3    4    5
    6    8    9   11   13   15   17   19   20
    70.0-180.0 180.0   5.0 450.0                            LAT/LON1/LON2/DLON/H
   28   29   29   29   28   26   24   21   19   16   14   11    9    7    5    3
    2    1    0    0    0    0    1    1    1    1    0    0    0    0    0    0
    0    0    0    0    0    0    0    0    0    0    0    0    0    0    0    0
    0    0    0    0    0    0    0    0    0    0    0    0    1    3    4    6
    7    9   12   15   17   20   23   26   28
    67.5-180.0 180.0   5.0 450.0                            LAT/LON1/LON2/DLON/H
   35   36   37   36   35   32   29   26   23   20   17   15   12   10    7    5
    3    1    0    0    0    0    0    0    0    0    0    0    0    0    0    0
    0    0    0    0    0    0    0    0    0    0    0    0    0    0    0    0
    0    0    0    0    0    0    0    0    0    0    0    0    0    2    4    6
    8   11   14   18   22   26   29   32   35
    65.0-180.0 180.0   5.0 450.0                            LAT/LON1/LON2/DLON/H
   42   43   44   43   41   38   34   30   27   24   21   18   15   13   10    7
    4    2    0    0    0    0    0    0    0    0    0    0    0    0    0    0
    0    0    0    0    0    0    0    0    0    0    0    0    0    0    0    0
    0    0    0    0    0    0    0    0    0    0    0    0    0    2    4    7
   10   13   17   22   26   31   35   39   42
    62.5-180.0 180.0   5.0 450.0                            LAT/LON1/LON2/DLON/H
   48   50   50   49   46   43   39   34   30   26   23   21   18   16   13   10
    6    3    0    0    0    0    0    0    0    0    0    0    0    0    0    0
    0    0    0    0    0    0    0    0    0    0    0    0    0    0    0    0
    0    0    0    0    0    0    0    0    0    0    0    0    0    3    7   10
   14   18   22   27   32   37   42   45   48
    60.0-180.0 180.0   5.0 450.0                            LAT/LON1/LON2/DLON/H
   54   55   56   54   52   48   43   38   34   30   26   24   21   19   16   13
    9    4    0    0    0    0    0    0    0    0    0    0    0    0    0    0
    0    0    0    0    0    0    0    0    0    0    0    0    0    0    0    0
    0    0    0    0    0    0    0    0    0    0    0    0    3    7   12   16
   20   25   30   35   40   45   49   52   54
    57.5-180.0 180.0   5.0 450.0                            LAT/LON1/LON2/DLON/H
   60   61   61   60   58   54   49   44   38   33   30   27   24   22   19   16
   11    7    2    0    0    0    0    0    0    0    0    0    0    0    0    0
    0    0    0    1    3    4    4    4    3    2    0    0    0    0    0    0
    0    0    0    0    0    0    0    0    0    0    0    3    8   14   19   24
   29   34   40   45   50   53   56   58   60
    55.0-180.0 180.0   5.0 450.0                            LAT/LON1/LON2/DLON/H
   65   66   67   67   65   62   57   50   44   39   34   31   28   25   22   19
   14    9    4    0    0    0    0    0    0    0    0    0    0    0    0    1
    3    5    7    9   11   13   13   13   12   10    9    7    6    6    6    6
    6    6    6    5    4    2    0    0    0    0    4    9   16   22   28   34
   40   46   51   56   60   62   63   64   65
    52.5-180.0 180.0   5.0 450.0                            LAT/LON1/LON2/DLON/H
   69   70   72   73   73   70   65   59   52   45   40   36   32   29   26   22
   18   13    8    3    0    0    0    0    0    0    0    0    0    1    3    6
    9   12   15   18   21   22   23   22   21   19   17   16   15   15   15   15
   15   15   14   13   12   10    7    5    5    6   11   17   24   32   38   45
   51   58   63   68   70   70   70   69   69
    50.0-180.0 180.0   5.0 450.0                            LAT/LON1/LON2/DLON/H
   72   74   77   80   81   80   75   68   61   54   47   42   37   33   30   26
   22   17   13    8    5    3    2    2    2    3    3    4    5    7   10   13
   16   20   24   27   30   32   32   32   30   28   26   25   24   25   25   25
   24   24   23   21   20   18   15   13   12   14   18   25   33   40   48   55
   61   68   74   78   79   78   75   72   72
    47.5-180.0 180.0   5.0 450.0                            LAT/LON1/LON2/DLON/H
   75   78   82   87   89   88   84   77   70   63   56   49   43   38   34   30
   27   23   19   15   12   11   11   11   12   12   12   12   13   15   17   21
   24   28   32   36   39   40   41   40   37   35   33   32   32   33   34   34
   33   32   31   29   28   26   23   21   20   21   26   32   40   48   55   62
   69   76   83   87   87   84   79   76   75
    45.0-180.0 180.0   5.0 450.0                            LAT/LON1/LON2/DLON/H
   79   83   88   93   95   94   90   84   78   71   65   58   51   45   40   36
   33   30   26   24   22   21   22   23   23   23   23   23   23   25   27   30
   33   37   40   43   46   47   47   45   43   40   39   38   38   40   41   42
   41   40   38   36   35   33   30   28   27   28   32   38   46   53   60   66
   73   81   88   93   93   89   84   80   79
    42.5-180.0 180.0   5.0 450.0                            LAT/LON1/LON2/DLON/H
   87   90   95   98   99   97   93   88   83   78   73   67   59   52   46   42
   39   37   35   33   33   33   34   36   36   36   36   35   35   36   37   39
   42   44   47   49   51   51   51   49   46   44   42   42   42   44   46   48
   48   46   44   42   40   38   36   34   33   34   37   43   50   56   62   68
   75   84   92   97   98   95   90   87   87
    40.0-180.0 180.0   5.0 450.0                            LAT/LON1/LON2/DLON/H
   99  102  104  104  102   97   92   87   84   83   80   76   69   61   54   50
   47   46   45   44   44   45   46   48   49   49   48   48   47   47   48   49
   50   52   53   53   54   53   52   50   48   46   45   44   45   47   50   52
   52   51   49   46   44   42   41   39   38   38   41   46   52   58   63   68
   76   86   95  102  104  103  100   99   99
    37.5-180.0 180.0   5.0 450.0                            LAT/LON1/LON2/DLON/H
  118  119  117  112  104   95   87   83   83   85   86   84   78   70   63   58
   56   55   54   54   54   55   57   58   59   59   59   59   58   58   58   58
   58   58   57   57   55   54   52   51   49   48   47   46   47   48   51   54
   55   54   51   48   45   44   43   42   41   41   44   49   54   60   64   70
   78   89  100  108  114  116  116  117  118
    35.0-180.0 180.0   5.0 450.0                            LAT/LON1/LON2/DLON/H
  145  143  135  123  108   94   83   78   79   84   89   90   86   79   71   67
   65   64   63   62   62   62   64   65   66   66   66   67   67   67   67   66
   65   63   61   59   56   54   52   51   50   50   49   48   48   49   51   54
   56   55   53   49   45   44   43   43   43   44   46   51   57   63   68   74
   83   95  108  119  128  135  140  144  145
    32.5-180.0 180.0   5.0 450.0                            LAT/LON1/LON2/DLON/H
  179  173  159  139  116   96   81   74   76   84   92   96   94   87   80   75
   73   72   71   69   68   67   67   68   68   68   70   72   73   74   73   72
   70   68   65   61   57   54   52   52   52   52   52   51   49   48   49   52
   55   55   52   47   43   42   42   43   43   45   49   55   62   69   75   83
   94  107  122  136  148  160  170  177  179
    30.0-180.0 180.0   5.0 450.0                            LAT/LON1/LON2/DLON/H
  216  206  186  159  130  104   85   75   76   84   94  100  100   94   87   82
   80   79   77   74   71   69   68   67   67   67   70   73   77   78   78   76
   74   71   67   63   58   55   53   53   54   55   55   53   49   46   45   48
   52   53   50   45   40   38   39   41   43   46   51   59   68   78   87   97
  110  125  141  157  173  189  204  214  216
    27.5-180.0 180.0   5.0 450.0                            LAT/LON1/LON2/DLON/H
  252  239  214  183  150  120   97   84   81   87   97  104  105  100   93   89
   87   85   82   78   73   69   66   64   63   64   67   73   78   80   80   78
   76   73   69   65   60   56   54   55   56   57   57   54   48   43   40   42
   46   48   46   41   35   33   35   39   42   47   55   65   77   89  102  115
  130  147  164  182  200  220  239  251  252
    25.0-180.0 180.0   5.0 450.0                            LAT/LON1/LON2/DLON/H
  283  268  241  208  175  145  119  101   93   94  101  108  109  105   99   94
   92   90   86   80   74   69   65   62   60   60   64   71   77   80   80   79
   76   73   70   66   62   58   56   56   57   58   57   52   45   37   33   35
   39   42   41   35   30   28   31   36   42   49   59   72   88  103  119  136
  153  171  189  206  225  247  269  283  283
    22.5-180.0 180.0   5.0 450.0                            LAT/LON1/LON2/DLON/H
  303  288  262  232  203  176  149  126  110  104  107  112  113  109  103   99
   96   93   88   82   75   69   65   62   59   59   63   70   77   80   80   77
   75   73   70   67   64   60   58   57   56   55   53   48   39   30   25   25
   30   35   34   29   24   23   27   34   42   51   64   80   99  118  137  157
  176  195  211  227  245  267  289  303  303
    20.0-180.0 180.0   5.0 450.0                            LAT/LON1/LON2/DLON/H
  309  295  273  251  230  209  184  156  132  118  115  117  118  114  108  103
  100   97   91   84   77   72   68   65   62   62   65   72   78   80   79   76
   73   71   69   67   64   62   59   55   52   49   46   40   31   22   15   16
   21   27   27   23   19   19   24   33   43   55   70   90  111  132  154  175
  196  214  229  241  256  276  297  310  309
    17.5-180.0 180.0   5.0 450.0                            LAT/LON1/LON2/DLON/H
  300  288  273  262  253  240  218  186  155  133  124  124  124  121  114  109
  104  100   94   87   80   76   74   72   69   69   71   76   81   81   78   74
   70   68   66   65   64   62   58   53   46   41   36   30   22   13    6    7
   13   19   21   18   15   16   23   33   46   60   78   99  122  145  167  190
  211  227  238  247  257  273  290  301  300
    15.0-180.0 180.0   5.0 450.0                            LAT/LON1/LON2/DLON/H
  278  270  264  264  269  266  247  214  176  148  135  133  133  129  122  115
  110  105   98   91   85   83   82   82   80   79   80   84   86   84   79   73
   68   65   63   63   62   60   56   49   39   31   25   19   13    5    0    0
    6   13   16   14   13   16   24   36   51   67   86  109  132  155  177  199
  218  233  240  243  249  259  272  280  278
    12.5-180.0 180.0   5.0 450.0                            LAT/LON1/LON2/DLON/H
  249  245  247  259  276  283  269  235  194  162  146  144  144  141  132  123
  116  110  103   95   90   89   91   93   93   92   92   92   92   88   81   73
   67   63   61   60   59   58   54   45   33   23   15   11    6    0    0    0
    2    9   13   13   13   18   28   41   57   74   95  118  140  162  182  202
  220  231  235  234  233  239  247  251  249
    10.0-180.0 180.0   5.0 450.0                            LAT/LON1/LON2/DLON/H
  221  220  229  251  277  292  282  250  208  175  159  158  159  154  143  132
  122  115  108  101   96   96   99  103  104  104  103  102   99   93   84   75
   68   63   60   57   56   56   52   43   30   18   10    6    3    0    0    0
    3    9   13   14   16   22   33   47   64   82  103  125  146  166  184  201
  217  226  226  221  217  217  221  223  221
     7.5-180.0 180.0   5.0 450.0                            LAT/LON1/LON2/DLON/H
  201  202  215  243  275  294  289  258  219  188  175  174  175  169  155  141
  129  121  113  106  101  101  105  110  113  114  113  110  106   98   89   80
   73   66   61   57   55   55   52   44   31   18   10    7    6    4    2    3
    7   12   15   17   20   27   38   53   70   89  110  131  150  167  182  197
  211  218  217  210  203  202  203  203  201
     5.0-180.0 180.0   5.0 450.0                            LAT/LON1/LON2/DLON/H
  195  198  213  241  275  295  292  265  230  203  192  193  193  184  167  148
  135  126  119  112  106  104  108  114  119  121  120  117  112  104   95   87
   80   73   65   59   56   55   54   48   36   24   17   14   13   13   11   12
   14   17   20   21   25   32   44   58   75   94  114  133  150  165  178  192
  204  211  210  203  198  196  197  197  195
     2.5-180.0 180.0   5.0 450.0                            LAT/LON1/LON2/DLON/H
  208  210  224  250  280  299  296  273  243  221  213  214  211  197  176  154
  139  131  125  118  111  107  109  115  121  124  124  122  117  109  102   95
   89   82   73   65   60   59   58   55   46   35   28   25   24   24   23   22
   23   24   25   26   29   36   48   62   77   95  114  132  148  161  173  187
  199  207  208  205  203  204  207  209  208
