LR1/IACG0010.21I
     1.0            IONOSPHERE MAPS     GNSS                IONEX VERSION / TYPE
IACGIM V0.1         IAC PNT             20-Jul-22 16:03     PGM / RUN BY / DATE
IAC PNT'S GLOBAL IONOSPHERE MAPS FOR DAY 001, 2021          COMMENT
  2021     1    1      0     0     0                        EPOCH OF FIRST MAP
  2021     1    2      0     0     0                        EPOCH OF LAST MAP
  3600                                                      INTERVAL
    13                                                      # OF MAPS IN FILE
  NONE                                                      MAPPING FUNCTION
    10.0                                                    ELEVATION CUTOFF
  6371.0                                                    BASE RADIUS
     2                                                      MAP DIMENSION
   450.0 450.0   0.0                                        HGT1 / HGT2 / DHGT
    87.5 -87.5  -2.5                                        LAT1 / LAT2 / DLAT
  -180.0 180.0   5.0                                        LON1 / LON2 / DLON
                                                            END OF HEADER
[from data line 429]
     2                                                      START OF TEC MAP
  2021     1    1      2     0     0                        EPOCH OF CURRENT MAP
    87.5-180.0 180.0   5.0 450.0                            LAT/LON1/LON2/DLON/H
    0    0    0    0    0    0    0    0    0    0    0    0    0    0    0    0
    0    0    0    0    0    0    0    0    0    0    0    0    0    0    0    0
    0    0    0    0    0    0    0    0    0    0    0    0    0    0    0    0
    0    0    0    0    0    0    0    0    0    0    0    0    0    0    0    0
    0    0    0    0    0    0    0    0    0
    85.0-180.0 180.0   5.0 450.0                            LAT/LON1/LON2/DLON/H
    0    0    0    0    0    0    0    0    0    0    0    0    0    0    0    0
    0    0    0    0    0    0    0    0    0    0    0    0    0    0    0    0
    0    0    0    0    0    0    0    0    0    0    0    0    0    0    0    0
    0    0    0    0    0    0    0    0    0    0    0    0    0    0    0    0
    0    0    0    0    0    0    0    0    0
    82.5-180.0 180.0   5.0 450.0                            LAT/LON1/LON2/DLON/H
    0    0    0    0    0    0    0    0    0    0    0    0    0    0    0    0
    0    0    0    0    0    0    0    0    0    0    0    0    0    0    0    0
    0    0    0    0    0    0    0    0    0    0    0    0    0    0    0    0
    0    0    0    0    0    0    0    0    0    0    0    0    0    0    0    0
    0    0    0    0    0    0    0    0    0
    80.0-180.0 180.0   5.0 450.0                            LAT/LON1/LON2/DLON/H
    0    0    0    0    0    0    0    0    0    0    0    0    1    1    2    3
    3    3    3    3    3    2    2    1    0    0    0    0    0    0    0    0
    0    0    0    0    0    0    0    0    0    0    0    0    0    0    0    0
    0    0    0    0    0    0    0    0    0    0    0    0    0    0    0    0
    0    0    0    0    0    0    0    0    0
    77.5-180.0 180.0   5.0 450.0                            LAT/LON1/LON2/DLON/H
    0    0    0    0    0    0    0    0    1    1    2    3    3    4    4    5
    5    5    5    5    4    4    3    2    1    0    0    0    0    0    0    0
    0    0    0    0    0    0    0    0    0    0    0    0    0    0    0    0
    0    0    0    0    1    1    1    1    1    1    1    1    1    1    1    1
    2    2    2    2    2    1    1    0    0
    75.0-180.0 180.0   5.0 450.0                            LAT/LON1/LON2/DLON/H
    8    6    5    4    4    3    3    3    3    3    4    4    4    5    5    5
    5    5    5    5    4    3    2    0    0    0    0    0    0    0    0    0
    0    0    0    0    0    0    0    0    0    0    0    0    0    0    0    0
    0    0    1    2    4    4    5    5    5    6    6    6    6    7    7    8
    9   10   11   11   11   10   10    9    8
    72.5-180.0 180.0   5.0 450.0                            LAT/LON1/LON2/DLON/H
   15   13   11   10    8    7    6    6    5    5    4    4    4    3    3    4
    4    4    4    3    3    2    0    0    0    0    0    0    0    0    0    0
    0    0    0    0    0    0    0    0    0    0    0    0    0    0    0    0
    0    0    1    3    4    5    6    7    7    7    8    8    9   10   12   14
   16   18   19   20   21   20   19   17   15
    70.0-180.0 180.0   5.0 450.0                            LAT/LON1/LON2/DLON/H
   23   20   17   14   12   10    9    8    6    5    4    3    2    1    1    1
    1    2    2    2    1    0    0    0    0    0    0    0    0    0    0    0
    0    0    0    0    0    0    0    0    0    0    0    0    0    0    0    0
    0    0    0    1    3    4    5    6    6    7    7    8   10   12   15   18
   22   25   28   30   30   30   28   26   23
    67.5-180.0 180.0   5.0 450.0                            LAT/LON1/LON2/DLON/H
   30   26   22   19   16   14   12   10    8    6    4    2    0    0    0    0
    0    0    0    0    0    0    0    0    0    0    0    0    0    0    0    0
    0    0    0    0    0    0    0    0    0    0    0    0    0    0    0    0
    0    0    0    0    0    2    3    4    5    5    6    8   10   14   18   23
   27   32   36   38   39   38   36   33   30
    65.0-180.0 180.0   5.0 450.0                            LAT/LON1/LON2/DLON/H
   35   31   27   23   20   17   15   12   10    7    4    1    0    0    0    0
    0    0    0    0    0    0    0    0    0    0    0    0    0    0    0    0
    0    0    0    0    0    0    0    0    0    0    0    0    0    0    0    0
    0    0    0    0    0    0    1    2    3    5    6    9   12   16   22   27
   33   38   43   45   46   46   43   40   35
    62.5-180.0 180.0   5.0 450.0                            LAT/LON1/LON2/DLON/H
   41   36   31   27   24   21   18   15   12    9    5    2    0    0    0    0
    0    0    0    0    0    0    0    0    0    0    0    0    0    0    0    0
    0    0    0    0    0    0    0    0    0    0    0    0    0    0    0    0
    0    0    0    0    0    0    0    2    4    7    9   13   17   22   28   34
   40   45   49   52   53   52   49   45   41
    60.0-180.0 180.0   5.0 450.0                            LAT/LON1/LON2/DLON/H
   45   41   36   32   29   26   23   20   16   12    8    4    0    0    0    0
    0    0    0    0    0    0    0    0    0    0    0    0    0    0    0    0
    0    0    0    0    0    0    0    0    0    0    0    0    0    0    0    0
    0    0    0    0    0    0    2    5    9   13   17   22   27   32   38   44
   49   53   56   57   57   56   53   50   45
    57.5-180.0 180.0   5.0 450.0                            LAT/LON1/LON2/DLON/H
   50   46   42   39   35   32   28   24   20   16   11    7    3    0    0    0
    0    0    0    0    0    0    0    0    0    0    0    0    0    0    3    5
    5    4    1    0    0    0    0    0    0    0    0    0    0    0    0    0
    0    0    0    0    0    3    7   12   18   23   29   35   41   46   51   56
   58   60   61   61   60   58   56   53   50
    55.0-180.0 180.0   5.0 450.0                            LAT/LON1/LON2/DLON/H
   54   52   49   46   43   39   34   30   25   20   15   11    7    4    2    1
    0    0    0    0    0    0    0    0    0    0    0    0    1    6   10   13
   13   12   10    7    6    5    5    6    7    7    7    6    5    5    5    4
    3    2    2    3    5    9   15   22   29   37   44   51   58   63   66   68
   68   67   65   63   61   60   58   56   54
    52.5-180.0 180.0   5.0 450.0                            LAT/LON1/LON2/DLON/H
   59   58   56   54   51   46   41   35   29   24   19   15   11    8    6    5
    4    3    2    1    0    0    0    0    0    0    0    2    7   13   17   21
   22   21   18   16   15   14   15   16   16   16   15   13   13   13   13   12
   12   11   10   10   13   17   24   32   41   51   59   67   74   79   81   80
   77   72   68   63   61   60   59   59   59
    50.0-180.0 180.0   5.0 450.0                            LAT/LON1/LON2/DLON/H
   63   64   63   61   58   53   47   40   33   27   23   19   16   13   11    9
    8    7    5    4    2    0    0    0    0    2    5    9   14   20   25   28
   29   29   27   25   23   24   25   26   25   24   22   20   20   20   21   21
   21   20   19   19   22   26   34   43   53   63   72   81   87   91   92   89
   83   76   69   63   60   59   60   62   63
    47.5-180.0 180.0   5.0 450.0                            LAT/LON1/LON2/DLON/H
   66   68   68   67   65   60   53   45   37   31   27   24   21   19   16   14
   13   12   11    9    7    6    6    7    9   11   14   18   22   27   32   35
   36   36   34   32   31   32   33   34   33   31   29   27   26   27   28   30
   30   29   28   28   30   35   42   51   61   71   80   88   95   98   98   94
   87   79   70   64   61   60   62   64   66
    45.0-180.0 180.0   5.0 450.0                            LAT/LON1/LON2/DLON/H
   69   70   71   71   69   65   58   50   42   36   32   29   27   25   23   21
   19   19   18   17   16   16   17   19   21   24   26   29   32   35   39   41
   42   41   40   38   37   38   39   40   40   37   34   32   31   32   35   37
   38   38   37   37   39   43   49   57   65   74   82   90   95   99   99   96
   90   82   74   68   65   65   66   68   69
    42.5-180.0 180.0   5.0 450.0                            LAT/LON1/LON2/DLON/H
   71   71   71   72   72   69   63   55   47   41   38   36   34   32   29   28
   27   28   28   28   28   28   30   33   36   39   40   41   42   44   45   47
   47   46   44   42   42   42   44   45   44   42   39   36   36   37   41   43
   45   45   45   44   46   49   54   60   66   73   80   86   92   96   98   97
   94   89   83   78   75   74   73   73   71
    40.0-180.0 180.0   5.0 450.0                            LAT/LON1/LON2/DLON/H
   75   70   69   70   72   71   67   60   54   49   46   45   43   40   37   36
   36   38   40   41   42   43   45   48   51   53   54   53   52   51   51   51
   51   50   48   46   45   45   47   48   48   46   43   40   40   42   45   48
   50   51   50   50   52   54   57   61   66   70   75   80   86   92   97  101
  103  103  100   97   94   91   86   81   75
    37.5-180.0 180.0   5.0 450.0                            LAT/LON1/LON2/DLON/H
   80   70   66   66   70   72   71   67   62   58   56   54   52   48   45   44
   46   49   52   54   55   56   59   62   65   66   66   63   60   58   56   55
   54   52   51   49   48   47   48   49   50   49   46   44   44   45   48   51
   53   54   54   55   56   58   60   63   65   68   72   77   83   91  101  111
  120  125  128  127  123  116  106   93   80
    35.0-180.0 180.0   5.0 450.0                            LAT/LON1/LON2/DLON/H
   90   72   63   63   68   73   75   73   70   67   66   64   61   57   53   52
   54   59   63   66   67   67   69   72   75   76   74   71   66   63   59   57
   55   54   53   52   50   49   49   50   51   51   49   48   47   48   49   52
   54   55   56   58   60   62   64   66   68   70   74   79   87   99  113  130
  146  158  165  165  160  149  132  111   90
    32.5-180.0 180.0   5.0 450.0                            LAT/LON1/LON2/DLON/H
  104   79   65   62   68   75   79   80   79   77   76   74   70   64   60   59
   62   67   72   74   75   74   76   78   80   80   78   74   70   65   61   58
   56   56   55   54   52   51   50   51   52   53   52   50   48   48   49   50
   52   54   57   60   64   67   69   72   74   78   83   90  101  116  135  158
  180  198  209  211  204  188  165  135  104
    30.0-180.0 180.0   5.0 450.0                            LAT/LON1/LON2/DLON/H
  124   91   71   65   70   78   84   87   87   86   85   82   76   70   65   64
   67   73   77   79   78   77   77   78   79   79   77   74   70   66   62   58
   56   56   57   57   55   52   50   51   52   53   52   49   47   46   45   46
   47   50   55   61   66   71   76   80   85   91   99  110  124  142  165  192
  219  242  256  258  249  230  200  163  124
    27.5-180.0 180.0   5.0 450.0                            LAT/LON1/LON2/DLON/H
  148  108   82   73   75   83   90   93   93   93   91   87   81   73   68   67
   71   76   79   79   77   75   74   75   75   75   73   72   69   66   61   57
   55   56   58   59   56   53   50   50   50   51   49   46   43   40   39   39
   41   45   52   60   68   76   83   91   99  110  122  137  153  173  198  228
  258  282  297  300  290  268  235  193  148
    25.0-180.0 180.0   5.0 450.0                            LAT/LON1/LON2/DLON/H
  173  130   99   86   85   91   96   99   99   98   95   90   83   75   70   70
   73   77   79   77   74   71   69   69   70   69   68   68   67   65   61   56
   54   55   58   59   57   53   49   47   47   46   43   39   35   32   30   30
   33   39   49   59   70   81   91  102  115  131  148  166  185  206  231  259
  288  313  327  329  319  298  265  221  173
    22.5-180.0 180.0   5.0 450.0                            LAT/LON1/LON2/DLON/H
  198  153  120  103   99  101  104  104  103  101   96   90   83   76   71   71
   74   77   77   74   70   66   65   65   65   64   64   64   65   64   60   55
   52   54   57   58   56   51   46   43   41   38   34   29   24   21   19   20
   25   34   45   58   72   85   99  114  131  151  173  194  214  234  255  280
  306  327  340  342  333  314  285  244  198
    20.0-180.0 180.0   5.0 450.0                            LAT/LON1/LON2/DLON/H
  217  175  141  122  115  113  113  110  107  103   97   90   82   76   73   73
   76   77   76   72   67   63   63   63   63   62   62   63   64   64   60   54
   51   51   54   56   53   47   41   37   33   29   23   17   12    8    8   11
   18   29   43   58   74   90  106  124  144  168  193  216  236  252  268  287
  306  323  333  334  328  315  293  259  217
    17.5-180.0 180.0   5.0 450.0                            LAT/LON1/LON2/DLON/H
  230  192  161  141  132  127  123  117  111  105   98   90   83   77   75   77
   78   78   76   71   66   64   64   65   65   64   62   63   65   65   61   55
   50   49   51   52   48   42   36   31   26   20   12    5    0    0    0    4
   13   26   43   60   77   95  113  133  155  180  206  229  247  259  268  279
  291  302  308  309  307  301  287  264  230
    15.0-180.0 180.0   5.0 450.0                            LAT/LON1/LON2/DLON/H
  235  205  178  159  149  141  133  125  117  109  101   92   85   81   80   82
   83   81   78   73   68   67   69   71   71   68   66   66   67   67   63   56
   49   47   48   47   43   37   31   25   20   12    3    0    0    0    0    0
   11   27   45   64   82  100  119  140  162  187  212  234  248  254  256  258
  263  268  271  273  274  275  272  259  235
    12.5-180.0 180.0   5.0 450.0                            LAT/LON1/LON2/DLON/H
  234  212  190  175  165  156  145  134  124  115  106   97   91   87   87   88
   88   85   81   76   73   73   76   79   79   75   71   69   70   69   65   57
   50   47   45   44   39   33   27   22   16    7    0    0    0    0    0    0
   12   30   50   69   88  107  126  146  167  190  212  231  241  242  237  232
  231  231  231  232  237  245  251  248  234
    10.0-180.0 180.0   5.0 450.0                            LAT/LON1/LON2/DLON/H
  231  216  200  189  180  169  157  143  132  122  113  105   99   95   95   95
   93   89   84   80   77   79   83   87   87   83   77   73   72   71   67   60
   52   48   45   42   37   31   26   22   16    7    0    0    0    0    0    2
   17   36   56   76   95  113  132  151  170  190  208  223  230  226  217  208
  202  199  198  199  205  218  232  237  231
     7.5-180.0 180.0   5.0 450.0                            LAT/LON1/LON2/DLON/H
  230  221  209  201  193  183  169  153  140  131  123  115  109  105  104  101
   98   92   87   82   81   84   89   94   94   89   82   76   74   73   69   62
   55   50   47   43   37   32   29   26   20   11    1    0    0    0    0    9
   24   43   64   83  101  119  138  155  172  188  204  215  219  213  202  192
  185  181  179  180  188  203  221  231  230
     5.0-180.0 180.0   5.0 450.0                            LAT/LON1/LON2/DLON/H
  237  230  221  214  207  196  180  162  149  139  132  126  120  116  112  107
  101   93   87   83   83   86   92   97   98   94   86   79   75   73   70   65
   59   54   51   46   41   36   34   32   28   20   10    3    0    1    7   17
   32   51   71   89  106  124  142  158  173  187  199  209  212  207  197  189
  184  182  181  182  190  206  224  237  237
     2.5-180.0 180.0   5.0 450.0                            LAT/LON1/LON2/DLON/H
  255  247  237  230  221  208  189  170  155  146  140  135  130  124  118  111
  102   93   86   82   82   86   92   98  100   96   89   81   76   74   72   68
   63   59   56   51   46   42   41   41   37   30   22   15   12   12   17   25
   40   58   76   93  109  126  143  160  173  185  196  205  209  208  203  200
  201  203  204  206  213  228  245  256  255
