LR1/IACG1820.23I
     1.0            IONOSPHERE MAPS     GNSS                IONEX VERSION / TYPE
IACGIM V0.1         IAC PNT             04-Jul-23 07:07     PGM / RUN BY / DATE
IAC PNT'S GLOBAL IONOSPHERE MAPS FOR DAY 182, 2023          COMMENT
  2023     7    1      0     0     0                        EPOCH OF FIRST MAP
  2023     7    2      0     0     0                        EPOCH OF LAST MAP
  3600                                                      INTERVAL
    13                                                      # OF MAPS IN FILE
  NONE                                                      MAPPING FUNCTION
    10.0                                                    ELEVATION CUTOFF
  6371.0                                                    BASE RADIUS
     2                                                      MAP DIMENSION
   450.0 450.0   0.0                                        HGT1 / HGT2 / DHGT
    87.5 -87.5  -2.5                                        LAT1 / LAT2 / DLAT
  -180.0 180.0   5.0                                        LON1 / LON2 / DLON
                                                            END OF HEADER
[from data line 3432]
     9                                                      START OF TEC MAP
  2023     7    1      16    0     0                        EPOCH OF CURRENT MAP
    87.5-180.0 180.0   5.0 450.0                            LAT/LON1/LON2/DLON/H
  138  138  139  139  139  140  140  141  142  142  143  143  144  145  145  146
  146  147  147  148  148  148  148  149  149  149  149  148  148  148  148  147
  147  146  146  146  145  145  144  144  143  143  142  142  141  141  141  140
  140  140  139  139  139  139  138  138  138  138  138  137  137  137  137  137
  137  137  137  137  137  137  137  138  138
    85.0-180.0 180.0   5.0 450.0                            LAT/LON1/LON2/DLON/H
  136  136  137  138  138  139  140  142  143  144  145  147  148  149  151  152
  153  154  155  156  157  157  158  158  158  158  158  157  157  156  155  154
  153  152  151  150  149  148  147  146  145  144  143  143  142  142  141  141
  141  141  140  140  140  140  140  139  139  139  138  138  138  137  137  136
  136  136  135  135  135  135  135  135  136
    82.5-180.0 180.0   5.0 450.0                            LAT/LON1/LON2/DLON/H
  136  136  137  138  139  140  142  143  145  147  149  150  152  154  156  158
  160  161  163  164  165  166  167  167  167  167  167  166  165  164  162  161
  159  157  155  153  152  150  149  147  146  145  145  144  144  143  143  143
  143  143  144  144  144  144  144  144  144  143  143  143  142  141  140  139
  139  138  137  136  136  136  135  136  136
    80.0-180.0 180.0   5.0 450.0                            LAT/LON1/LON2/DLON/H
  139  139  140  141  142  144  145  147  149  151  153  155  157  159  161  163
  165  167  169  171  172  174  175  176  176  176  175  174  172  171  168  166
  164  161  159  156  154  152  150  149  148  147  146  146  146  146  146  146
  147  148  148  149  150  150  151  151  151  151  151  150  149  148  147  146
  145  143  142  141  140  139  139  139  139
    77.5-180.0 180.0   5.0 450.0                            LAT/LON1/LON2/DLON/H
  146  146  147  148  149  150  152  153  155  156  158  159  161  163  165  167
  169  171  173  175  178  179  181  182  182  182  181  180  178  176  173  170
  167  164  162  159  156  154  152  151  150  149  148  148  148  148  149  150
  151  152  153  154  156  157  158  159  159  159  159  159  158  157  156  154
  153  151  150  148  147  146  146  145  146
    75.0-180.0 180.0   5.0 450.0                            LAT/LON1/LON2/DLON/H
  155  156  156  157  158  159  161  162  163  163  164  165  166  167  168  170
  171  173  176  178  180  183  185  186  187  187  186  184  182  180  177  174
  170  167  164  161  159  157  155  153  152  152  151  151  151  151  152  153
  154  155  157  159  160  162  164  165  166  167  167  167  166  166  165  163
  162  160  159  158  156  156  155  155  155
    72.5-180.0 180.0   5.0 450.0                            LAT/LON1/LON2/DLON/H
  167  168  169  170  170  171  172  172  173  173  172  172  172  172  172  172
  173  175  177  180  182  185  187  188  189  189  188  187  185  182  179  176
  173  169  167  164  162  160  158  157  156  155  155  154  154  154  155  155
  156  158  159  161  163  165  167  169  170  172  172  173  173  172  172  171
  170  169  168  167  166  166  166  166  167
    70.0-180.0 180.0   5.0 450.0                            LAT/LON1/LON2/DLON/H
  179  181  182  183  184  184  184  184  184  183  182  180  179  177  176  176
  176  177  179  181  183  186  188  189  190  190  189  188  186  183  181  178
  175  172  170  168  166  164  163  162  161  160  159  158  158  157  157  157
  158  159  160  162  164  166  168  170  172  174  175  176  176  176  176  176
  176  175  175  175  175  176  177  178  179
    67.5-180.0 180.0   5.0 450.0                            LAT/LON1/LON2/DLON/H
  190  193  194  196  197  197  197  196  195  194  192  190  187  185  182  181
  180  180  181  183  185  187  189  190  191  190  189  188  186  184  182  180
  178  176  174  173  171  170  168  167  166  165  164  163  161  160  160  159
  159  160  161  162  164  166  168  170  172  174  175  176  177  177  178  178
  178  179  180  180  182  183  185  188  190
    65.0-180.0 180.0   5.0 450.0                            LAT/LON1/LON2/DLON/H
  198  202  205  207  208  208  208  207  206  204  202  199  196  193  190  187
  186  185  185  186  187  188  190  190  190  190  189  188  186  185  184  183
  182  181  180  179  177  176  174  173  172  170  169  167  165  164  163  162
  161  161  162  163  164  166  167  169  171  172  174  174  175  175  176  177
  178  179  180  182  184  187  190  194  198
    62.5-180.0 180.0   5.0 450.0                            LAT/LON1/LON2/DLON/H
  202  207  211  213  215  216  216  215  215  213  211  208  205  201  197  194
  192  190  189  189  189  190  190  190  189  188  188  187  187  187  187  187
  188  188  187  186  184  182  181  179  177  175  174  172  170  168  167  166
  165  165  165  165  166  167  168  169  171  172  172  172  172  172  173  173
  174  176  177  179  182  186  191  196  202
    60.0-180.0 180.0   5.0 450.0                            LAT/LON1/LON2/DLON/H
  200  207  212  216  218  219  220  220  221  220  219  216  213  209  204  201
  198  195  193  192  191  190  189  189  188  187  186  186  187  189  190  192
  194  195  195  193  191  189  187  184  182  181  179  177  176  174  173  172
  171  171  170  169  169  170  170  171  172  172  172  171  170  169  168  168
  169  170  171  173  176  180  186  193  200
    57.5-180.0 180.0   5.0 450.0                            LAT/LON1/LON2/DLON/H
  194  202  209  214  217  219  220  222  223  224  224  222  218  214  210  206
  202  199  196  193  191  189  188  187  186  186  186  187  189  192  195  198
  201  202  202  201  199  195  192  190  188  186  185  184  183  182  181  180
  179  178  177  176  175  174  174  174  175  175  173  171  168  165  164  163
  163  163  164  165  167  171  177  185  194
    55.0-180.0 180.0   5.0 450.0                            LAT/LON1/LON2/DLON/H
  185  194  202  208  212  215  218  221  224  226  227  225  223  219  214  210
  206  202  198  194  191  188  187  186  186  186  187  189  192  196  200  205
  208  210  210  209  206  202  198  195  193  192  192  192  192  191  191  190
  189  187  185  183  180  179  179  179  179  178  176  172  167  163  160  158
  157  157  156  155  156  159  166  174  185
    52.5-180.0 180.0   5.0 450.0                            LAT/LON1/LON2/DLON/H
  174  185  194  200  204  208  213  218  223  227  229  228  226  222  218  214
  209  204  199  194  190  188  187  187  188  189  191  194  198  203  208  212
  216  218  218  217  213  209  205  202  200  200  200  201  202  202  201  200
  198  196  192  189  186  184  183  183  183  182  179  174  168  162  157  155
  153  152  150  148  147  149  154  163  174
    50.0-180.0 180.0   5.0 450.0                            LAT/LON1/LON2/DLON/H
  164  175  184  191  196  201  207  214  222  228  231  231  229  226  222  219
  214  208  202  196  192  190  190  192  194  196  199  203  208  212  217  221
  225  227  228  226  222  218  213  210  209  209  211  212  213  213  212  210
  207  203  199  194  190  187  186  187  188  187  184  177  170  162  157  154
  152  150  148  144  141  141  145  154  164
    47.5-180.0 180.0   5.0 450.0                            LAT/LON1/LON2/DLON/H
  157  167  175  181  187  193  201  211  221  230  234  236  235  232  230  227
  222  216  209  202  198  197  198  201  205  208  212  217  221  226  230  234
  237  239  239  238  234  229  225  222  221  221  223  225  226  226  223  220
  215  210  204  198  194  190  189  190  192  191  188  181  172  164  158  155
  154  152  149  144  140  138  141  148  157
    45.0-180.0 180.0   5.0 450.0                            LAT/LON1/LON2/DLON/H
  153  161  168  173  178  186  196  209  222  234  241  244  244  243  241  239
  235  229  221  214  210  210  213  217  221  226  230  235  240  244  248  250
  253  255  255  254  251  246  241  237  235  236  237  239  240  238  234  228
  222  215  208  202  197  194  193  194  196  196  193  186  177  168  162  159
  159  158  155  149  144  141  141  146  153
    42.5-180.0 180.0   5.0 450.0                            LAT/LON1/LON2/DLON/H
  153  158  162  166  171  180  192  208  225  240  250  255  257  258  258  257
  254  247  239  231  228  229  233  238  243  247  252  258  263  268  271  272
  274  276  278  277  273  268  261  256  253  252  253  254  254  251  245  237
  229  220  213  207  202  199  198  200  202  202  199  192  183  174  168  166
  166  166  163  158  152  148  147  149  153
    40.0-180.0 180.0   5.0 450.0                            LAT/LON1/LON2/DLON/H
  156  157  158  160  165  174  189  209  230  248  261  269  274  277  279  280
  277  270  261  253  250  253  258  263  267  271  276  283  291  296  299  301
  303  305  307  306  302  295  286  279  274  271  270  270  268  264  257  247
  237  228  220  215  211  208  207  208  210  210  207  200  191  182  176  174
  175  175  173  169  163  158  156  155  156
    37.5-180.0 180.0   5.0 450.0                            LAT/LON1/LON2/DLON/H
  160  157  154  154  158  169  186  209  234  257  274  286  293  298  302  304
  302  295  285  278  275  278  284  289  292  295  301  311  321  329  334  336
  338  341  343  342  336  326  315  304  296  290  287  286  283  278  269  258
  247  238  231  227  223  221  219  220  220  220  217  210  201  192  187  184
  184  185  183  179  175  170  166  163  160
    35.0-180.0 180.0   5.0 450.0                            LAT/LON1/LON2/DLON/H
  162  155  150  148  152  164  183  209  238  265  286  301  311  318  324  326
  325  317  308  301  299  303  309  314  316  318  326  338  353  365  372  375
  378  381  384  382  374  360  345  330  318  310  305  301  298  292  283  271
  260  251  245  242  239  236  234  233  233  231  227  221  212  204  198  194
  193  192  190  187  184  180  175  169  162
    32.5-180.0 180.0   5.0 450.0                            LAT/LON1/LON2/DLON/H
  163  153  145  142  146  158  179  207  240  270  296  314  326  335  341  344
  342  335  326  319  318  324  330  334  336  339  348  365  385  402  411  416
  420  424  427  423  412  394  374  355  340  329  321  316  312  306  297  286
  276  268  262  258  255  252  249  247  245  242  237  231  223  215  208  203
  199  196  193  191  189  186  181  173  163
    30.0-180.0 180.0   5.0 450.0                            LAT/LON1/LON2/DLON/H
  161  148  139  136  140  152  174  204  239  273  301  322  336  345  351  354
  352  345  336  330  331  338  346  351  353  357  369  391  416  437  450  456
  461  466  468  462  448  425  401  379  360  347  337  331  326  319  311  301
  292  285  279  274  269  264  260  257  254  250  245  238  231  223  216  209
  202  196  192  190  189  187  182  173  161
    27.5-180.0 180.0   5.0 450.0                            LAT/LON1/LON2/DLON/H
  155  142  133  129  134  147  169  200  235  270  301  323  337  346  352  354
  352  346  339  335  338  347  358  364  367  373  389  416  445  469  483  491
  496  501  503  496  478  452  424  399  379  364  353  345  339  332  324  316
  308  301  294  286  278  271  266  262  258  253  247  240  234  227  219  210
  200  192  186  184  184  183  179  169  155
    25.0-180.0 180.0   5.0 450.0                            LAT/LON1/LON2/DLON/H
  149  135  127  124  129  142  164  194  229  264  294  317  331  340  345  347
  345  341  335  334  340  352  366  376  382  391  410  440  472  497  510  517
  522  527  529  521  500  472  442  416  396  381  369  359  351  342  334  327
  321  314  304  292  279  269  263  259  256  250  244  237  231  225  217  207
  195  184  177  175  176  176  172  162  149
    22.5-180.0 180.0   5.0 450.0                            LAT/LON1/LON2/DLON/H
  141  129  122  120  126  138  159  188  221  254  283  304  317  326  331  333
  333  331  328  330  340  356  374  388  399  412  434  464  495  518  529  533
  537  543  545  536  515  486  456  431  412  398  386  374  363  352  342  335
  330  322  309  291  273  260  253  250  247  242  235  229  223  218  210  199
  186  174  166  164  166  167  163  154  141
    20.0-180.0 180.0   5.0 450.0                            LAT/LON1/LON2/DLON/H
  134  125  119  119  125  136  156  182  212  241  266  285  298  307  313  318
  320  321  322  328  342  362  385  405  420  436  459  488  516  534  539  539
  542  548  551  544  523  495  467  445  429  416  404  390  375  359  347  340
  335  326  309  285  261  245  238  237  236  231  224  217  212  207  199  188
  175  163  156  154  156  157  154  146  134
    17.5-180.0 180.0   5.0 450.0                            LAT/LON1/LON2/DLON/H
  129  122  118  119  125  136  153  177  202  227  247  264  277  287  296  303
  309  314  320  331  348  373  400  425  445  465  487  512  533  544  543  538
  538  544  549  545  527  502  477  458  445  435  423  407  387  366  351  342
  337  327  306  276  247  228  223  225  225  221  212  204  199  194  186  176
  163  153  146  145  147  149  146  139  129
    15.0-180.0 180.0   5.0 450.0                            LAT/LON1/LON2/DLON/H
  126  121  119  121  126  136  152  172  194  212  228  241  255  268  281  292
  302  312  323  338  359  387  419  449  474  494  515  534  548  550  542  532
  530  536  544  542  529  508  488  472  462  454  442  424  399  373  353  343
  337  326  302  267  234  215  212  216  219  214  204  195  188  182  174  164
  153  144  139  139  141  142  140  134  126
    12.5-180.0 180.0   5.0 450.0                            LAT/LON1/LON2/DLON/H
  124  121  120  122  127  137  151  169  186  199  210  221  236  253  270  286
  301  316  331  350  375  406  440  474  501  522  540  553  558  553  539  525
  521  528  537  540  532  515  498  486  478  471  459  439  410  379  355  343
  338  326  300  263  228  209  208  216  219  213  201  190  181  174  166  156
  146  138  134  134  136  137  135  130  124
    10.0-180.0 180.0   5.0 450.0                            LAT/LON1/LON2/DLON/H
  122  120  120  123  127  136  150  166  180  189  195  205  221  243  265  286
  304  323  343  365  392  425  461  496  524  545  559  566  566  555  537  521
  515  521  532  538  535  523  509  498  490  483  472  451  420  385  358  344
  338  327  301  262  228  212  214  223  226  218  204  190  180  171  162  151
  142  135  132  131  133  133  131  127  122
     7.5-180.0 180.0   5.0 450.0                            LAT/LON1/LON2/DLON/H
  119  118  118  120  125  133  148  164  176  182  185  194  212  238  265  289
  310  332  355  380  409  441  477  512  540  559  570  573  569  556  538  521
  514  519  529  538  538  529  517  505  496  489  478  457  425  389  360  345
  339  328  302  266  235  222  227  236  237  227  210  195  184  173  162  150
  140  133  130  129  129  128  126  122  119
     5.0-180.0 180.0   5.0 450.0                            LAT/LON1/LON2/DLON/H
  113  112  113  114  119  128  143  161  173  178  180  189  210  238  268  294
  316  339  364  392  421  453  487  520  547  563  572  573  569  558  542  526
  517  519  527  536  538  531  519  505  493  484  474  455  424  388  359  344
  338  327  303  269  243  234  242  251  249  235  217  201  189  177  164  151
  140  132  128  125  123  122  119  116  113
     2.5-180.0 180.0   5.0 450.0                            LAT/LON1/LON2/DLON/H
  104  103  103  105  109  120  137  157  171  178  181  191  212  242  273  299
  321  344  370  399  428  459  490  520  544  558  565  567  566  559  547  533
  522  519  523  529  531  525  511  494  478  468  458  441  414  381  353  338
  331  321  298  268  247  243  252  260  255  238  219  204  193  181  167  152
  139  130  124  119  115  113  110  107  104
